lr = 0,001
num_iter = 100
reg_str = 0,0001

Times:
[13.695641279220581, 10.587912797927856, 10.137264490127563, 11.248966932296753, 11.339225053787231]
Train set accuracy:
[0.8192554015060877, 0.8183827151805194, 0.8177096529009374, 0.8188075331475382, 0.8187653069842075]
Avg train score: 0.8185841219438581
Test set accuracy:
[0.8148857110685733, 0.8189956086026349, 0.8217442711559034, 0.8177467484938911, 0.8179156579021452]
Avg test score: 0.8182575994446296
No. 1
······ Clasification Report ······
              precision    recall  f1-score   support

           0       0.47      0.26      0.34       663
           1       0.42      0.05      0.08       561
           2       0.85      0.92      0.88     12813
           3       0.72      0.66      0.69      3725

    accuracy                           0.81     17762
   macro avg       0.62      0.47      0.50     17762
weighted avg       0.79      0.81      0.80     17762

······ Confusion Matrix  ······
[[  172    10   443    38]
 [  124    26   403     8]
 [   60    22 11820   911]
 [    7     4  1258  2456]]
No. 2
······ Clasification Report ······
              precision    recall  f1-score   support

           0       0.52      0.24      0.32       663
           1       0.44      0.08      0.14       561
           2       0.85      0.93      0.89     12813
           3       0.73      0.66      0.69      3725

    accuracy                           0.82     17762
   macro avg       0.63      0.48      0.51     17762
weighted avg       0.80      0.82      0.80     17762

······ Confusion Matrix  ······
[[  156    36   436    35]
 [   88    47   417     9]
 [   53    20 11887   853]
 [    4     5  1259  2457]]
No. 3
······ Clasification Report ······
              precision    recall  f1-score   support

           0       0.55      0.24      0.33       662
           1       0.55      0.07      0.13       561
           2       0.85      0.93      0.89     12813
           3       0.74      0.67      0.70      3725

    accuracy                           0.82     17761
   macro avg       0.67      0.48      0.51     17761
weighted avg       0.81      0.82      0.80     17761

······ Confusion Matrix  ······
[[  159    17   457    29]
 [   80    41   432     8]
 [   47    16 11906   844]
 [    2     0  1234  2489]]
No. 4
······ Clasification Report ······
              precision    recall  f1-score   support

           0       0.51      0.23      0.31       662
           1       0.41      0.06      0.11       561
           2       0.85      0.93      0.89     12814
           3       0.73      0.65      0.69      3724

    accuracy                           0.82     17761
   macro avg       0.63      0.47      0.50     17761
weighted avg       0.80      0.82      0.80     17761

······ Confusion Matrix  ······
[[  149    25   453    35]
 [   84    35   429    13]
 [   54    22 11901   837]
 [    4     3  1278  2439]]
No. 5
······ Clasification Report ······
              precision    recall  f1-score   support

           0       0.52      0.24      0.33       663
           1       0.40      0.06      0.10       561
           2       0.85      0.93      0.89     12813
           3       0.73      0.66      0.70      3724

    accuracy                           0.82     17761
   macro avg       0.62      0.47      0.50     17761
weighted avg       0.80      0.82      0.80     17761

······ Confusion Matrix  ······
[[  158    20   455    30]
 [   87    33   431    10]
 [   59    26 11862   866]
 [    2     4  1244  2474]]