Best parameters: (0,1; 100; 0,0)
Best score: 0,8220820899724115
······ Clasification Report ······
              precision    recall  f1-score   support

           0       0,57      0,24      0,34       662
           1       0,41      0,16      0,23       561
           2       0,86      0,92      0,89     12813
           3       0,73      0,68      0,70      3725

    accuracy                           0,82     17761
   macro avg       0,64      0,50      0,54     17761
weighted avg       0,81      0,82      0,81     17761

······ Confusion Matrix  ······
[[  159    69   397    37]
 [   67    87   395    12]
 [   52    52 11826   883]
 [    3     2  1191  2529]]
Details
(0,0001; 100; 0,0)
Time: [10,85610818862915; 10,390106201171875; 10,363981008529663; 10,311629295349121; 11,065386295318604]
Train scores: [0,816595115771694; 0,8160320923358435; 0,8149508768966585; 0,8162317371843594; 0,8161895110210287]
Test scores: [0,8120144127913523; 0,8160680103591937; 0,8196047519846855; 0,8152131073700805; 0,8156072293226733]
Avg train score: 0,8159998666419167
Avg test score: 0,8157015023655971
(0,0001; 100; 0,0001)
Time: [10,951859712600708; 11,959330797195435; 12,007991075515747; 13,631062269210815; 14,100107192993164]
Train scores: [0,8166373425293828; 0,8159757899922584; 0,8149931030599893; 0,8162458125721364; 0,8162317371843594]
Test scores: [0,8119018128589123; 0,8160117103929737; 0,8197173582568549; 0,8152131073700805; 0,8154383199144193]
Avg train score: 0,8160167570676252
Avg test score: 0,8156564617586481
(0,0001; 100; 0,001)
Time: [16,775468826293945; 16,21101427078247; 14,178974866867065; 12,032374143600464; 21,581668853759766]
Train scores: [0,816538813428109; 0,8161306214371173; 0,8148523491822199; 0,8160769079188132; 0,8162880387354672]
Test scores: [0,8122959126224524; 0,8157302105618737; 0,8199988739372783; 0,8151568042339958; 0,8153257136422499]
Avg train score: 0,8159773461403453
Avg test score: 0,81570150299957
(0,0001; 100; 0,01)
Time: [36,02832889556885; 12,070307493209839; 14,325272560119629; 16,994901657104492; 12,384492635726929]
Train scores: [0,8127806319938068; 0,8120205503554085; 0,810643808236917; 0,811896517749064; 0,8120091208512794]
Test scores: [0,8079045152572909; 0,8118455128926922; 0,8155509261865886; 0,8122853442936772; 0,8121164348854231]
Avg train score: 0,8118701258372951
Avg test score: 0,8119405467031344
(0,0001; 500; 0,0)
Time: [77,17527627944946; 62,145782709121704; 65,09434056282043; 57,2142608165741; 71,14050054550171]
Train scores: [0,8189316630304736; 0,8180308255331128; 0,8172733158798525; 0,8183008191875686; 0,8185823269431073]
Test scores: [0,8149420110347934; 0,8186578088053147; 0,8216879680198187; 0,8175778390856371; 0,817408929677383]
Avg train score: 0,818223790114823
Avg test score: 0,8180549113245894
(0,0001; 500; 0,0001)
Time: [72,41524028778076; 62,14177083969116; 62,484533071517944; 73,97251534461975; 89,48191380500793]
Train scores: [0,8189316630304736; 0,8180730522908016; 0,8171888635531909; 0,8183289699631224; 0,8185119500042226]
Test scores: [0,8148857110685733; 0,8183763089742147; 0,8215753617476493; 0,8176341422217217; 0,8173526265412984]
Avg train score: 0,8182068997683623
Avg test score: 0,8179648301106915
(0,0001; 500; 0,001)
Time: [66,45678567886353; 77,15899991989136; 60,578455686569214; 60,112826347351074; 78,0768129825592]
Train scores: [0,8185656977971708; 0,8163558308114576; 0,8169918081243138; 0,8181178391464685; 0,8182726684120147]
Test scores: [0,8146605112036933; 0,816574710055174; 0,82146275547548; 0,8174652328134677; 0,8168458983165362]
Avg train score: 0,8176607688582852
Avg test score: 0,8174018215728702
(0,0001; 500; 0,01)
Time: [73,17274117469788; 58,611004114151; 81,80156350135803; 75,65070986747742; 65,84264779090881]
Train scores: [0,8135688648039975; 0,8123865155887113; 0,8112912760746559; 0,8121639501168257; 0,8128114179545647]
Test scores: [0,8088616146830312; 0,8120144127913523; 0,8155509261865886; 0,8125668599741006; 0,812848375654524]
Avg train score: 0,812444404907751
Avg test score: 0,8123684378579193
(0,0001; 1000; 0,0)
Time: [148,24248671531677; 120,5863401889801; 148,45530939102173; 136,75016355514526; 139,9629921913147]
Train scores: [0,8193680061932578; 0,8184108663523119; 0,8177096529009374; 0,8187512315964305; 0,8188216085353152]
Test scores: [0,8149420110347934; 0,8189393086364148; 0,8215753617476493; 0,8178030516299758; 0,8176341422217217]
Avg train score: 0,8186122731156505
Avg test score: 0,818178775054111
(0,0001; 1000; 0,0001)
Time: [129,77180123329163; 129,02815866470337; 139,73333954811096; 123,48976588249207; 147,0074908733368]
Train scores: [0,8192694770919839; 0,8183404884228306; 0,8177096529009374; 0,8188216085353152; 0,8187653069842075]
Test scores: [0,8149420110347934; 0,8191645085012949; 0,8215190586115647; 0,8177467484938911; 0,8179156579021452]
Avg train score: 0,818581306787055
Avg test score: 0,8182575969087378
(0,0001; 1000; 0,001)
Time: [125,93068242073059; 139,95567512512207; 126,07522010803223; 146,68575835227966; 131,9980902671814]
Train scores: [0,8173411218241959; 0,8164402843268351; 0,8171888635531909; 0,816752526532106; 0,8184556484531149]
Test scores: [0,8131404121157527; 0,8171377097173742; 0,82146275547548; 0,8157761387309274; 0,817240020269129]
Avg train score: 0,8172356889378886
Avg test score: 0,8169514072617325
(0,0001; 1000; 0,01)
Time: [130,43600964546204; 114,14244246482849; 113,94165992736816; 109,48660063743591; 133,62316036224365]
Train scores: [0,8135266380463086; 0,8128087831655992; 0,8116572361568561; 0,8125721363623568; 0,8127691917912339]
Test scores: [0,8088053147168112; 0,8124648125211125; 0,8159450481391813; 0,8129046787906087; 0,8129609819266933]
Avg train score: 0,8126667971044711
Avg test score: 0,8126161672188814
(0,001; 100; 0,0)
Time: [19,327558040618896; 17,730977058410645; 18,80133628845215; 15,21480679512024; 15,4578378200531]
Train scores: [0,8192835526778802; 0,8184812442817933; 0,8176815021253836; 0,8187230808208766; 0,8187230808208766]
Test scores: [0,8149420110347934; 0,8188830086701948; 0,8215753617476493; 0,8178030516299758; 0,8176904453578064]
Avg train score: 0,818578492145362
Avg test score: 0,8181787756880841
(0,001; 100; 0,0001)
Time: [15,608822345733643; 15,126797199249268; 15,829478740692139; 15,573591470718384; 14,325531959533691]
Train scores: [0,8191850235766064; 0,8183545640087269; 0,8177378036764913; 0,8187793823719843; 0,8188216085353152]
Test scores: [0,8147731111361333; 0,8192208084675149; 0,8217442711559034; 0,8177467484938911; 0,8177467484938911]
Avg train score: 0,8185756764338248
Avg test score: 0,8182463375494666
(0,001; 100; 0,001)
Time: [18,91314196586609; 20,506402254104614; 18,151607751846313; 13,649523496627808; 15,7001473903656]
Train scores: [0,8173692729959885; 0,8164543599127314; 0,8171325620020832; 0,8167384511443291; 0,8184274976775611]
Test scores: [0,8131967120819728; 0,8170814097511542; 0,82146275547548; 0,8158887450030967; 0,8172963234052136]
Avg train score: 0,8172244287465386
Avg test score: 0,8169851891433835
(0,001; 100; 0,01)
Time: [18,661950826644897; 21,078333854675293; 15,763957023620605; 15,170459270477295; 15,395586729049683]
Train scores: [0,8134984868745162; 0,8127806319938068; 0,81168538693241; 0,8126143625256875; 0,8127832671790107]
Test scores: [0,8088616146830312; 0,8125211124873325; 0,8159450481391813; 0,8129609819266933; 0,8129609819266933]
Avg train score: 0,8126724271010863
Avg test score: 0,8126499478325864
(0,001; 500; 0,0)
Time: [74,55389189720154; 71,84346342086792; 57,360390424728394; 56,06649327278137; 62,28596830368042]
Train scores: [0,819002040959955; 0,8183404884228306; 0,8172451651042987; 0,8183571207386764; 0,8184837992286688]
Test scores: [0,8142101114739331; 0,8183763089742147; 0,8212375429311413; 0,8181408704464839; 0,8179156579021452]
Avg train score: 0,8182857228908859
Avg test score: 0,8179760983455836
(0,001; 500; 0,0001)
Time: [62,29959511756897; 60,026564836502075; 56,7632052898407; 68,13165068626404; 73,76059317588806]
Train scores: [0,8191850235766064; 0,8183686395946231; 0,8175829744109451; 0,8185119500042226; 0,8187512315964305]
Test scores: [0,8145479112712533; 0,8186015088390947; 0,821293846067226; 0,8178593547660604; 0,8176341422217217]
Avg train score: 0,8184799638365655
Avg test score: 0,8179873526330711
(0,001; 500; 0,001)
Time: [72,6055657863617; 74,59323501586914; 72,69306445121765; 74,1692111492157; 69,26656174659729]
Train scores: [0,8192694770919839; 0,8182841860792456; 0,8172873912676294; 0,8186104777186611; 0,8185541761675534]
Test scores: [0,8148857110685733; 0,8189393086364148; 0,8212375429311413; 0,8172963234052136; 0,8178030516299758]
Avg train score: 0,8184011416650148
Avg test score: 0,8180323875342637
(0,001; 500; 0,01)
Time: [60,405102252960205; 77,32446384429932; 76,00155687332153; 63,70711016654968; 59,36713624000549]
Train scores: [0,8135547892181012; 0,8128369343373918; 0,8117416884835177; 0,8126425133012415; 0,8129380964445571]
Test scores: [0,8090305145816913; 0,8125211124873325; 0,8163391700917741; 0,8131298913349474; 0,8127920725184393]
Avg train score: 0,8127428043569618
Avg test score: 0,8127625522028369
(0,001; 1000; 0,0)
Time: [142,14880800247192; 134,94598078727722; 135,89246153831482; 112,45595860481262; 112,61460900306702]
Train scores: [0,818847209515096; 0,8181434302202829; 0,8170903358387523; 0,8186667792697688; 0,8182445176364609]
Test scores: [0,8143227114063731; 0,8184326089404347; 0,8209560272507178; 0,818309779854738; 0,8175215359495523]
Avg train score: 0,8181984544960722
Avg test score: 0,8179085326803632
(0,001; 1000; 0,0001)
Time: [107,91963124275208; 110,74820065498352; 115,45732927322388; 144,51163601875305; 148,08649277687073]
Train scores: [0,8188894362727849; 0,8181856569779717; 0,8172592404920755; 0,8186808546575458; 0,8185401007797765]
Test scores: [0,8143227114063731; 0,8185452088728746; 0,8211249366589719; 0,8181971735825686; 0,8178593547660604]
Avg train score: 0,8183110578360309
Avg test score: 0,8180098770573696
(0,001; 1000; 0,001)
Time: [157,29079914093018; 141,24062323570251; 122,27793955802917; 146,8918046951294; 120,84806799888611]
Train scores: [0,8191005700612288; 0,8180449011190091; 0,8172310897165217; 0,8185260253919996; 0,8185682515553303]
Test scores: [0,8150546109672334; 0,8187704087377548; 0,8214064523393954; 0,817408929677383; 0,8175778390856371]
Avg train score: 0,8182941675688179
Avg test score: 0,8180436481614807
(0,001; 1000; 0,01)
Time: [147,01503205299377; 130,10252404212952; 135,37274360656738; 147,8373682498932; 123,98324823379517]
Train scores: [0,8135829403898938; 0,8128369343373918; 0,81168538693241; 0,8126425133012415; 0,8128677195056724]
Test scores: [0,8091431145141313; 0,8126900123859926; 0,8163391700917741; 0,8130735881988627; 0,8129609819266933]
Avg train score: 0,8127230988933218
Avg test score: 0,8128413734234907
(0,01; 100; 0,0)
Time: [17,144378423690796; 17,636605978012085; 15,332352876663208; 15,552501916885376; 15,617555141448975]
Train scores: [0,8189316630304736; 0,8180026743613202; 0,81696365734876; 0,8185682515553303; 0,8187230808208766]
Test scores: [0,8144353113388132; 0,8181511091093345; 0,8216316648837341; 0,8183660829908226; 0,8180282641743145]
Avg train score: 0,8182378654233521
Avg test score: 0,8181224864994038
(0,01; 100; 0,0001)
Time: [15,941847085952759; 16,359165906906128; 16,493956089019775; 13,81949234008789; 16,894633531570435]
Train scores: [0,8186642268984446; 0,8181434302202829; 0,8181600653097992; 0,8186104777186611; 0,8177659544520451]
Test scores: [0,8139849116090531; 0,8186015088390947; 0,8212375429311413; 0,8178030516299758; 0,8163954732278588]
Avg train score: 0,8182688309198467
Avg test score: 0,8176044976474248
(0,01; 100; 0,001)
Time: [18,08824324607849; 21,440452098846436; 19,615751266479492; 20,11133122444153; 21,161016941070557]
Train scores: [0,819002040959955; 0,8181434302202829; 0,8170199588998677; 0,8187090054330997; 0,8183711961264533]
Test scores: [0,8152235108658935; 0,8189956086026349; 0,8211249366589719; 0,8176904453578064; 0,817240020269129]
Avg train score: 0,8182491263279317
Avg test score: 0,8180549043508872
(0,01; 100; 0,01)
Time: [15,931849479675293; 14,868635416030884; 15,834949970245361; 16,794466733932495; 16,216211318969727]
Train scores: [0,8132873530860723; 0,8132028995706946; 0,8113757284013174; 0,8127832671790107; 0,8130225487712186]
Test scores: [0,8088616146830312; 0,8129152122508726; 0,8158887450030967; 0,812848375654524; 0,813186194471032]
Avg train score: 0,8127343594016627
Avg test score: 0,8127400284125113
(0,01; 500; 0,0)
Time: [64,73500609397888; 59,60934114456177; 78,30621361732483; 72,99212718009949; 64,81138706207275]
Train scores: [0,8191287212330213; 0,8180871278766979; 0,8167666019198829; 0,8185682515553303; 0,8183148945753456]
Test scores: [0,8145479112712533; 0,8191645085012949; 0,8206182084342097; 0,8187039018073307; 0,8169022014526209]
Avg train score: 0,8181731194320555
Avg test score: 0,8179873462933418
(0,01; 500; 0,0001)
Time: [75,1522946357727; 77,79112935066223; 60,54500699043274; 60,93632102012634; 81,51074934005737]
Train scores: [0,8186501513125484; 0,8179604476036315; 0,8170058835120908; 0,8188075331475382; 0,818638628494215]
Test scores: [0,8140412115752731; 0,8184889089066547; 0,8210123303868025; 0,8180845673103991; 0,8175215359495523]
Avg train score: 0,8182125288140047
Avg test score: 0,8178297108257364
(0,01; 500; 0,001)
Time: [69,29798078536987; 71,82594394683838; 89,45119047164917; 71,21698808670044; 60,106712102890015]
Train scores: [0,8194665352945316; 0,8178056161587726; 0,8164569433887904; 0,8183711961264533; 0,8183571207386764]
Test scores: [0,8147731111361333; 0,8186578088053147; 0,819886267665109; 0,8175215359495523; 0,8170148077247903]
Avg train score: 0,8180914823414449
Avg test score: 0,81757070625618
(0,01; 500; 0,01)
Time: [74,86140537261963; 81,32098841667175; 60,641486167907715; 73,47309231758118; 73,11130928993225]
Train scores: [0,8133999577732424; 0,8130762192976283; 0,8117135377079638; 0,8128958702812262; 0,8127973425667877]
Test scores: [0,8098750140749915; 0,8128026123184326; 0,8162265638196048; 0,8129046787906087; 0,8126231631101852]
Avg train score: 0,8127765855253697
Avg test score: 0,8128864064227646
(0,01; 1000; 0,0)
Time: [122,84289073944092; 138,4478795528412; 113,61536884307861; 135,65918374061584; 134,30065608024597]
Train scores: [0,8189035118586812; 0,8174959532690548; 0,8169777327365368; 0,8180896883709147; 0,8168792050220983]
Test scores: [0,8152798108321135; 0,8175318094809143; 0,8206182084342097; 0,8179156579021452; 0,8153257136422499]
Avg train score: 0,8176692182514571
Avg test score: 0,8173342400583266
(0,01; 1000; 0,0001)
Time: [114,92273426055908; 113,24692630767822; 126,6133508682251; 122,794912815094; 138,49438762664795]
Train scores: [0,8194524597086353; 0,8179463720177352; 0,8171888635531909; 0,8192579455564001; 0,8189482870253075]
Test scores: [0,8150546109672334; 0,8190519085688549; 0,8206182084342097; 0,8187039018073307; 0,8174652328134677]
Avg train score: 0,8185587855722538
Avg test score: 0,8181787725182194
(0,01; 1000; 0,001)
Time: [149,61044216156006; 140,7069127559662; 151,6247239112854; 146,67145776748657; 151,56839203834534]
Train scores: [0,8189738897881624; 0,8181715813920755; 0,8169214311854291; 0,8179770852686992; 0,8186667792697688]
Test scores: [0,8147168111699133; 0,8190519085688549; 0,8216879680198187; 0,8170711108608749; 0,817240020269129]
Avg train score: 0,8181421533808269
Avg test score: 0,8179535637777182
(0,01; 1000; 0,01)
Time: [121,5812132358551; 103,30420851707458; 108,84605884552002; 111,3504946231842; 113,70664238929749]
Train scores: [0,8120064747695123; 0,8130762192976283; 0,8117698392590715; 0,8127128902401262; 0,8131210764856572]
Test scores: [0,808354914987051; 0,8127463123522126; 0,8160013512752661; 0,813017285062778; 0,8129046787906087]
Avg train score: 0,8125373000103991
Avg test score: 0,8126049084935832
(0,1; 100; 0,0)
Time: [11,191208124160767; 11,708101987838745; 11,958688497543335; 12,639256000518799; 16,794318914413452]
Train scores: [0,8184953198676895; 0,8149060454641425; 0,8174844466965064; 0,8153309123666357; 0,817371843594291]
Test scores: [0,8143227114063731; 0,8140975115414931; 0,8220820899724115; 0,8148189854174878; 0,81617026068352]
Avg train score: 0,8167177135978531
Avg test score: 0,816298311804257
(0,1; 100; 0,0001)
Time: [16,380282402038574; 15,833701610565186; 14,837950468063354; 17,74264621734619; 17,905670166015625]
Train scores: [0,817721162643395; 0,8171440636216483; 0,8169214311854291; 0,8184134222897841; 0,8179207837175915]
Test scores: [0,8130278121833127; 0,8191082085350749; 0,8206745115702945; 0,8176904453578064; 0,8165080795000281]
Avg train score: 0,8176241726915695
Avg test score: 0,8174018114293033
(0,1; 100; 0,001)
Time: [11,238698482513428; 12,114192724227905; 10,841922760009766; 12,237297058105469; 11,14451289176941]
Train scores: [0,816918854247308; 0,8157224294461257; 0,8154998170199589; 0,8166117726543366; 0,8185401007797765]
Test scores: [0,8130278121833127; 0,816799909920054; 0,8183660829908226; 0,8149878948257417; 0,8170711108608749]
Avg train score: 0,816658594829501
Avg test score: 0,8160505621561611
(0,1; 100; 0,01)
Time: [11,894809246063232; 13,267761468887329; 15,557665586471558; 15,628385066986084; 15,110368251800537]
Train scores: [0,8133999577732424; 0,814610458160321; 0,8064634180671677; 0,8130788503223264; 0,8133040565267573]
Test scores: [0,8093120144127913; 0,8156739105956536; 0,8111592815719836; 0,8113844941163223; 0,813017285062778]
Avg train score: 0,812171348169963
Avg test score: 0,8121093971519058
(0,1; 500; 0,0)
Time: [77,74966263771057; 58,31886053085327; 53,09993553161621; 70,97909688949585; 67,56424975395203]
Train scores: [0,8182138081497642; 0,817875994088254; 0,817160712777637; 0,8170481096754215; 0,8182867437997917]
Test scores: [0,8136471118117329; 0,8186015088390947; 0,8207871178424638; 0,8167332920443668; 0,8166769889082822]
Avg train score: 0,8177170736981736
Avg test score: 0,8172892038891881
(0,1; 500; 0,0001)
Time: [62,999616861343384; 61,70960736274719; 74,92884731292725; 61,12954759597778; 60,54560399055481]
Train scores: [0,8178900696741502; 0,8179463720177352; 0,8158235509388284; 0,8187793823719843; 0,818835683923092]
Test scores: [0,8144916113050332; 0,8189393086364148; 0,8194921457125162; 0,8185912955351613; 0,8170148077247903]
Avg train score: 0,8178550117851581
Avg test score: 0,8177058337827832
(0,1; 500; 0,001)
Time: [73,30608558654785; 63,34122180938721; 57,354559898376465; 60,30001163482666; 73,66364622116089]
Train scores: [0,8184812442817933; 0,817186290379337; 0,8146834445288967; 0,8135292627311882; 0,8145286152633505]
Test scores: [0,8149420110347934; 0,8180385091768945; 0,8172963234052136; 0,8133551038792861; 0,8150441979618265]
Avg train score: 0,8156817714369131
Avg test score: 0,8157352290916029
(0,1; 500; 0,01)
Time: [69,28082871437073; 60,449995279312134; 55,85683560371399; 56,12492632865906; 75,57846331596375]
Train scores: [0,8135547892181012; 0,8143570976141882; 0,8132055288123188; 0,8137685443233961; 0,8139092982011654]
Test scores: [0,8093120144127913; 0,8153924107645535; 0,8185349923990767; 0,813186194471032; 0,8131298913349474]
Avg train score: 0,813759051633834
Avg test score: 0,8139111006764802
(0,1; 1000; 0,0)
Time: [135,1943163871765; 135,31520819664001; 131,1041340827942; 128,89412093162537; 145,84787774085999]
Train scores: [0,8191990991625027; 0,8180871278766979; 0,8154294400810742; 0,81801931143203; 0,8178222560031528]
Test scores: [0,8146042112374733; 0,8196712081972751; 0,8194358425764315; 0,8161139575474354; 0,8172963234052136]
Avg train score: 0,8177114469110915
Avg test score: 0,8174243085927658
(0,1; 1000; 0,0001)
Time: [119,43236184120178; 158,23618054389954; 129,07683968544006; 135,09419798851013; 133,65092873573303]
Train scores: [0,8179885987754241; 0,8149623478077275; 0,8158376263266053; 0,8184978746164456; 0,8181178391464685]
Test scores: [0,8143227114063731; 0,8147731111361333; 0,8197736613929396; 0,8184223861269073; 0,817240020269129]
Avg train score: 0,8170808573345342
Avg test score: 0,8169063780662965
(0,1; 1000; 0,001)
Time: [131,5276198387146; 137,74274682998657; 112,79793524742126; 113,79197859764099; 110,28247094154358]
Train scores: [0,8192554015060877; 0,8171581392075445; 0,8027334403062805; 0,8138107704867269; 0,8178504067787068]
Test scores: [0,8157865105280937; 0,8180385091768945; 0,8062046055965317; 0,8146500760092337; 0,8176904453578064]
Avg train score: 0,8141616316570692
Avg test score: 0,814474029333712
(0,1; 1000; 0,01)
Time: [113,08894658088684; 118,22347950935364; 139,69803071022034; 141,33385825157166; 145,63139963150024]
Train scores: [0,8138222253501302; 0,8132592019142797; 0,8124876840356952; 0,814430087548912; 0,8135292627311882]
Test scores: [0,808580114851931; 0,8146042112374733; 0,8177467484938911; 0,8139744383762175; 0,8138618321040482]
Avg train score: 0,8135056923160409
Avg test score: 0,8137534690127122