lambda = 0.0

Train set accuracy:
Degree 2 - 0.8174999153108384
Test set accuracy:
Degree 2 - 0.81734522582123
Train set last loss:
Degree 2 - 0.549480649261785
Test set last loss:
Degree 2 - 0.5528229663844394
Weights
[[ 0.06079173 -0.00301791 -0.21692799  0.15915417]
 [ 0.00865738 -0.16307367 -0.22381154  0.37822783]
 [-0.06528093 -0.07606776 -0.18662422  0.32797291]
 [ 0.56285286  0.37616063 -0.46486273 -0.47415077]
 [-0.6084372  -0.11522755  0.5993311   0.12433364]
 [-0.09792123 -0.19944376 -0.15624139  0.45360638]
 [ 0.0902597   0.02618951 -0.05421222 -0.06223698]
 [ 0.02908621 -0.01533576 -0.01599743  0.00224697]
 [-0.00397586 -0.01091984  0.03873595 -0.02384025]
 [-0.10967201 -0.09310131  0.07422431  0.12854902]
 [ 0.01534078  0.00452643 -0.08680457  0.06693735]
 [ 0.0598302  -0.00214499 -0.20719034  0.14950512]
 [-0.0341457   0.01447044  0.1576036  -0.13792834]
 [-0.03654836  0.14469574  0.09875768 -0.20690505]
 [ 0.03783506  0.03785905  0.0628302  -0.13852431]
 [ 0.01894163 -0.07820875 -0.18688633  0.24615344]
 [-0.00635905 -0.053553   -0.13416321  0.19407527]
 [-0.00647672  0.13724065  0.00731143 -0.13807536]
 [-0.01649121  0.01235559  0.11590738 -0.11177176]
 [-0.01679883 -0.05166103  0.02290094  0.04555891]
 [-0.04237784 -0.06322594  0.06714328  0.0384605 ]
 [-0.25160115 -0.07142918  0.41349593 -0.0904656 ]
 [ 0.17112973  0.09570472  0.04023067 -0.30706513]
 [ 0.11709263  0.12509912 -0.22962661 -0.01256514]
 [ 0.56409814  0.3497609  -0.71818568 -0.19567337]
 [-0.10203574 -0.14548928 -0.06409165  0.31161667]
 [-0.11251913 -0.20717633 -0.00838142  0.32807688]]
[[ 0.03252144  0.02990302 -0.20738802  0.14496356]
 [ 0.03578796 -0.17415006 -0.22667959  0.36504169]
 [-0.0858764  -0.06805641 -0.184964    0.3388968 ]
 [ 0.5510625   0.36823533 -0.45678599 -0.46251184]
 [-0.57187578 -0.11361732  0.5624869   0.1230062 ]
 [-0.09422487 -0.20116386 -0.16570251  0.46109124]
 [ 0.08215844  0.05441641 -0.04640668 -0.09016817]
 [ 0.02984177 -0.00335298 -0.03219828  0.00570949]
 [-0.00131189 -0.00766459  0.02445088 -0.0154744 ]
 [-0.11387911 -0.10571065  0.10123832  0.11835143]
 [ 0.01247891  0.04866856 -0.0581375  -0.00300996]
 [ 0.03221821  0.03219436 -0.19743531  0.13302274]
 [ 0.03166551  0.0335132   0.22023137 -0.28541008]
 [-0.04577124  0.16663989  0.02809514 -0.14896378]
 [-0.01278038  0.02464204  0.07578175 -0.08764341]
 [ 0.04132319 -0.08130153 -0.14336743  0.18334576]
 [-0.01262459 -0.04835844 -0.17164619  0.23262922]
 [-0.00355044  0.1340269   0.0117361  -0.14221256]
 [ 0.01765241 -0.00072296  0.12331194 -0.14024139]
 [-0.01822847 -0.01379712 -0.02290497  0.05493057]
 [-0.04134224 -0.06621756  0.07181963  0.03574016]
 [-0.24852502 -0.06990981  0.39451566 -0.07608083]
 [ 0.16936666  0.09988093  0.03196205 -0.30120964]
 [ 0.09117269  0.11288985 -0.17507716 -0.02898537]
 [ 0.53851604  0.33076296 -0.67659661 -0.19268239]
 [-0.11201807 -0.14331614 -0.0553237   0.31065791]
 [-0.1086125  -0.20740504 -0.00853759  0.32455514]]
[[ 3.42223954e-02  2.96808100e-02 -2.03494087e-01  1.39590882e-01]
 [ 2.97905603e-02 -1.60568246e-01 -2.60003822e-01  3.90781507e-01]
 [-8.43434560e-02 -6.57526361e-02 -1.80063625e-01  3.30159717e-01]
 [ 5.44767604e-01  3.81597478e-01 -4.70110172e-01 -4.56254910e-01]
 [-5.80619755e-01 -1.08532722e-01  5.64166847e-01  1.24985631e-01]
 [-9.62173322e-02 -2.06813697e-01 -1.62550058e-01  4.65581087e-01]
 [ 7.32349386e-02  5.38861299e-02 -4.49871083e-02 -8.21339602e-02]
 [ 1.31126798e-02  1.57735219e-02  4.78894757e-03 -3.36751492e-02]
 [ 3.92673018e-04  4.98817360e-03  3.21631399e-02 -3.75439865e-02]
 [-1.05916902e-01 -9.04611998e-02  1.03941316e-01  9.24367850e-02]
 [ 3.94531139e-03  4.70696566e-02 -5.84121588e-02  7.39719089e-03]
 [ 3.84056278e-02  3.08913505e-02 -1.94274479e-01  1.24977501e-01]
 [ 5.40829607e-02  2.39642395e-02  3.29277022e-01 -4.07324222e-01]
 [-5.60353159e-03  4.75613246e-02  1.66556095e-01 -2.08513888e-01]
 [ 4.02236960e-02  5.86525847e-02  1.02036886e-01 -2.00913166e-01]
 [-7.76304420e-03 -1.37632695e-01 -4.80653157e-02  1.93461055e-01]
 [-6.91587931e-02 -3.65412431e-02 -1.54626501e-01  2.60326537e-01]
 [ 5.62206045e-04  1.30638559e-01  6.36224544e-03 -1.37563011e-01]
 [-1.77227904e-04  2.91231291e-02  6.95760263e-02 -9.85219275e-02]
 [-2.51799288e-02 -7.17556369e-02  2.03544648e-02  7.65811009e-02]
 [-3.50410890e-02 -5.10943648e-02  5.20998221e-02  3.40356318e-02]
 [-2.32247814e-01 -7.96041679e-02  3.91901195e-01 -8.00492137e-02]
 [ 1.64632890e-01  8.72734827e-02  4.98640651e-02 -3.01770438e-01]
 [ 7.48471549e-02  1.02733698e-01 -1.62249408e-01 -1.53314450e-02]
 [ 5.35549195e-01  3.32138898e-01 -6.81353149e-01 -1.86334944e-01]
 [-1.05128548e-01 -1.39971857e-01 -5.96107943e-02  3.04711199e-01]
 [-1.06022744e-01 -2.15629607e-01 -1.84845214e-03  3.23500803e-01]]
[[ 4.30785181e-02  2.95768252e-02 -2.15153021e-01  1.42497678e-01]
 [ 4.62113001e-02 -1.65317019e-01 -2.48913337e-01  3.68019055e-01]
 [-7.74989613e-02 -1.07415718e-01 -1.67749741e-01  3.52664420e-01]
 [ 5.57773755e-01  3.81321263e-01 -4.64092668e-01 -4.75002350e-01]
 [-6.10082814e-01 -1.04511120e-01  5.82622754e-01  1.31971180e-01]
 [-8.92834617e-02 -2.06032225e-01 -1.59845775e-01  4.55161462e-01]
 [ 7.16204827e-02  5.37467127e-02 -4.71306612e-02 -7.82365342e-02]
 [ 3.24155884e-02 -1.61937714e-02 -2.45907487e-02  8.36893167e-03]
 [ 1.43971696e-03 -1.35994127e-02  2.60346456e-02 -1.38749498e-02]
 [-8.26673869e-02 -8.96148825e-02  6.70307997e-02  1.05251470e-01]
 [ 1.52504056e-02  4.84205363e-02 -6.57692656e-02  2.09832369e-03]
 [ 4.29021989e-02  3.24933324e-02 -2.04812266e-01  1.29416734e-01]
 [ 2.93769085e-02  2.97679080e-02  2.47652324e-01 -3.06797141e-01]
 [-3.80123243e-02  1.41914149e-01  6.96879402e-02 -1.73589765e-01]
 [-6.08067084e-05  3.88641230e-02  3.38684898e-02 -7.26718061e-02]
 [ 3.62460241e-02 -7.38915322e-02 -1.05276388e-01  1.42921897e-01]
 [-8.04897870e-03 -5.84799141e-02 -1.73395185e-01  2.39924078e-01]
 [-8.43476588e-03  5.31586302e-02  2.24963325e-02 -6.72201968e-02]
 [ 1.36306631e-02  3.28373954e-02  1.11686224e-01 -1.58154282e-01]
 [-2.46620174e-02 -2.51001518e-02 -1.55875019e-02  6.53496712e-02]
 [-3.74448856e-02 -6.19427456e-02  6.41419698e-02  3.52456614e-02]
 [-2.41673171e-01 -8.19732652e-02  4.26076782e-01 -1.02430346e-01]
 [ 1.74536723e-01  9.96517567e-02  3.58552006e-02 -3.10043680e-01]
 [ 8.49817567e-02  1.10172865e-01 -1.78530854e-01 -1.66237677e-02]
 [ 5.57520054e-01  3.35380031e-01 -6.95555546e-01 -1.97344540e-01]
 [-1.05284330e-01 -1.54584853e-01 -6.34075989e-02  3.23276782e-01]
 [-1.04355782e-01 -2.13024875e-01 -1.01534521e-03  3.18396002e-01]]
[[ 3.85702708e-02  3.21084915e-02 -2.08748003e-01  1.38069240e-01]
 [ 5.52277443e-02 -1.73935102e-01 -2.86537306e-01  4.05244664e-01]
 [-7.13501407e-02 -6.81388478e-02 -1.97000073e-01  3.36489061e-01]
 [ 5.43251735e-01  3.51389516e-01 -4.55483768e-01 -4.39157483e-01]
 [-5.77158552e-01 -9.52095703e-02  5.56870304e-01  1.15497818e-01]
 [-1.03945869e-01 -1.98905056e-01 -1.57849810e-01  4.60700736e-01]
 [ 3.87111535e-02  5.75924339e-02 -4.55343796e-02 -5.07692078e-02]
 [ 3.21268651e-02  6.49664635e-03 -2.59294046e-02 -1.26941069e-02]
 [-7.46721803e-04  2.13278186e-04 -6.12148057e-03  6.65492419e-03]
 [-1.15464628e-01 -1.02982052e-01  1.23257766e-01  9.51889138e-02]
 [ 1.63856256e-02  4.83160236e-02 -5.89470895e-02 -5.75455967e-03]
 [ 3.79366469e-02  3.49150562e-02 -1.98782439e-01  1.25930736e-01]
 [ 1.70289562e-02  4.18662061e-02  2.27533433e-01 -2.86428595e-01]
 [-7.47423046e-02  1.74478655e-01  5.99656697e-03 -1.05732917e-01]
 [ 2.43704860e-02  2.33162368e-02  6.37429725e-02 -1.11429695e-01]
 [ 4.09420721e-02 -1.05566007e-01 -6.32330917e-02  1.27857027e-01]
 [-6.35438051e-03 -5.36309859e-02 -1.68593695e-01  2.28579062e-01]
 [-4.03002370e-03  1.37984488e-01  4.75926735e-03 -1.38713732e-01]
 [ 9.17415155e-03  8.62371822e-03  1.06674714e-01 -1.24472584e-01]
 [-2.61832939e-02 -1.84933027e-02  1.35106511e-02  3.11659455e-02]
 [-3.58265668e-02 -6.04788150e-02  6.00524439e-02  3.62529380e-02]
 [-2.62638007e-01 -5.76151020e-02  3.84431417e-01 -6.41783075e-02]
 [ 1.77265058e-01  8.53023334e-02  2.34939215e-02 -2.86061313e-01]
 [ 8.74593674e-02  1.05470755e-01 -1.68981012e-01 -2.39491101e-02]
 [ 5.39461715e-01  3.30117300e-01 -6.80987569e-01 -1.88591446e-01]
 [-9.82133558e-02 -1.37262593e-01 -7.79737934e-02  3.13449742e-01]
 [-1.18110312e-01 -2.07629517e-01  2.82626338e-03  3.22913565e-01]]

lambda = 0.01

Train set accuracy:
Degree 2 - 0.8114305483877798
Test set accuracy:
Degree 2 - 0.8113827573189536
Train set last loss:
Degree 2 - 0.6164521075997123
Test set last loss:
Degree 2 - 0.6170310312075035
Weights
[[ 8.79634669e-07 -2.47379146e-07 -7.41751777e-03  1.28855193e-05]
 [ 2.03382144e-05 -3.70269911e-06 -2.08429774e-01  1.86009139e-01]
 [ 7.41083590e-07  1.48611999e-04 -8.77521045e-04  6.73816796e-03]
 [ 2.79817480e-01  1.79369862e-01 -2.68346946e-01 -1.90838396e-01]
 [-2.77197369e-06  6.56184927e-05  1.22333119e-01 -5.19655992e-05]
 [-9.12272476e-07 -4.06782311e-06 -3.02973344e-02  7.23468314e-01]
 [ 4.51055813e-07  5.91958645e-07 -6.78700724e-07 -3.64313733e-07]
 [-1.25025268e-07 -4.25024383e-07 -1.51720146e-07  7.01769797e-07]
 [-7.54283627e-07 -7.75960681e-08 -6.29748439e-07 -5.38371865e-07]
 [ 4.60854569e-07 -6.17723471e-07  4.69979442e-07 -3.13110541e-07]
 [ 2.34121583e-07 -2.68378142e-07 -1.73209421e-06 -2.33649232e-07]
 [-3.42891616e-07 -6.39903758e-07 -2.40854811e-06  7.39134349e-06]
 [-1.19882591e-07  9.38133740e-07 -6.61171004e-07 -1.57080146e-07]
 [-2.71081630e-07 -7.68554768e-07  7.48317513e-07  2.91318886e-07]
 [ 1.01482578e-04 -2.85061237e-07  3.26823522e-08 -7.92301987e-05]
 [ 2.60781340e-05 -7.68844758e-08 -7.10875460e-06  1.11075050e-05]
 [-1.50592755e-08  1.66114457e-08 -1.98122900e-05  1.92518107e-02]
 [-1.44706057e-07  5.39094276e-04 -2.73289931e-04  3.40360907e-07]
 [-4.20594178e-05 -6.30713445e-05  1.63364967e-04 -2.34204523e-07]
 [-1.19681034e-05 -5.99488793e-05  5.60457034e-05  1.38712793e-05]
 [ 3.81216110e-07 -7.31149812e-07 -1.20256690e-05  1.63756027e-05]
 [-3.92486994e-05  2.10322577e-06  1.67011222e-05  4.44351447e-07]
 [ 1.40429041e-05  1.43623768e-05  8.42449959e-06  1.17021945e-06]
 [ 7.73213111e-07 -5.09790265e-07 -2.41678668e-05  7.90444399e-06]
 [ 1.24090092e-02  1.73112544e-01 -2.43828268e-01 -1.57285142e-04]
 [ 4.73561885e-07 -2.14992203e-06 -3.98011293e-05  2.37789477e-01]
 [-5.96916150e-07 -3.87789042e-06 -9.49869875e-06  3.07259974e-01]]
[[-1.62238642e-07  3.60160420e-07 -1.58755620e-02  2.89364108e-04]
 [ 5.25362213e-07 -1.80354222e-07 -1.65376207e-01  1.55695862e-01]
 [-7.94371321e-05  1.70388204e-04 -1.08638930e-02  6.57494189e-03]
 [ 2.72724976e-01  1.86972062e-01 -2.78128869e-01 -1.81564170e-01]
 [-8.88715892e-05  6.07304515e-07  8.37297848e-02 -5.55205162e-05]
 [ 1.62135868e-06  1.43606984e-06 -3.13716369e-02  7.33880579e-01]
 [-7.07740065e-07 -3.03496908e-07 -8.09137418e-07 -1.79625609e-07]
 [-5.90345368e-07  3.40445549e-07  6.96501059e-07 -4.46601240e-07]
 [-4.17682062e-07  3.72847138e-07  8.13076739e-07 -7.68241815e-07]
 [ 9.59782478e-07 -3.62019318e-07 -3.19892410e-08 -5.65773919e-07]
 [ 1.32420030e-07  3.15065847e-07 -2.03319463e-06  1.58570875e-06]
 [-6.36637486e-08  6.43754902e-07 -6.26370222e-05  1.54056931e-04]
 [ 4.10341588e-07 -8.74141422e-07 -1.32832065e-07 -8.14033681e-05]
 [-4.36751761e-05  2.93046133e-04 -4.41402693e-07 -2.08929555e-04]
 [-3.37130371e-07  6.24848108e-05 -7.96728544e-07 -1.65350952e-04]
 [-4.15599738e-07 -9.29105501e-07 -4.15807856e-05  4.89254908e-05]
 [ 5.69263465e-07  7.40899061e-07 -1.55689277e-05  6.01662588e-02]
 [-4.04946618e-05  2.23243044e-04  1.95647040e-07 -4.89440290e-05]
 [-2.42832565e-04  3.61906040e-04  1.01996735e-04 -1.83070210e-04]
 [-5.25238745e-05 -8.79891760e-07 -3.64508650e-07  9.76827487e-06]
 [-9.27370636e-08 -3.87339473e-07 -5.10888565e-05  6.95689330e-05]
 [-1.37002215e-04  1.03347038e-04  2.54423180e-05  4.21285925e-06]
 [-5.36368212e-05  1.05936182e-04  3.08906656e-05  8.09973816e-07]
 [-6.12270213e-07 -4.68319101e-08 -1.20370236e-05  4.69612575e-06]
 [ 3.08397800e-02  1.55933433e-01 -2.06631025e-01 -2.30187765e-04]
 [ 6.81219964e-07  5.20796519e-07 -4.33926424e-05  2.17856191e-01]
 [ 1.32041346e-06  1.21722199e-06 -4.02145541e-05  3.03821677e-01]]
[[-1.54462923e-07 -4.77790746e-07 -8.99937545e-03  1.88007704e-04]
 [-3.94471760e-07 -1.02000680e-06 -1.47525224e-01  1.64106638e-01]
 [ 6.65416049e-07  3.14354209e-04 -4.38122552e-04  1.61571029e-02]
 [ 2.81490805e-01  1.80139789e-01 -2.79480947e-01 -1.82153647e-01]
 [ 6.28923433e-06 -1.04308388e-05  9.41315116e-02 -6.73700046e-05]
 [-1.63542438e-07 -7.63920318e-07 -2.33182304e-02  7.28709158e-01]
 [ 1.84286368e-07  2.77477667e-07 -1.80270313e-05  2.55652672e-05]
 [ 2.64349911e-07 -2.93750438e-07 -6.96096316e-08  9.90101593e-08]
 [-6.43565509e-07 -4.97896214e-07  7.64229662e-07  3.77232062e-07]
 [-1.19202839e-08  3.83404472e-07  3.00034639e-07 -6.71518827e-07]
 [-5.26107741e-07  1.61524363e-07  1.24282970e-06 -8.78246326e-07]
 [-3.47302002e-07  3.07436503e-07 -5.81345257e-05  1.38174391e-04]
 [-5.07974832e-07  9.28600516e-07  6.12587841e-05 -1.91679410e-04]
 [ 5.91479203e-07  1.01036106e-07  2.55758271e-08 -7.18091136e-07]
 [ 6.17316585e-06 -3.81313272e-06  1.87025033e-07 -5.47058162e-07]
 [ 1.42058033e-06 -2.77950300e-06 -1.67903295e-05  4.14925215e-06]
 [ 4.50168319e-07 -6.06661845e-07 -3.17826145e-05  8.28159391e-02]
 [ 1.46085734e-07  6.64486821e-04 -5.94800620e-05 -3.95152845e-04]
 [ 2.37966247e-08  8.43190729e-07  6.79197251e-07  4.53815395e-07]
 [-2.19523726e-07  6.90844805e-06 -4.73760805e-06  1.60486837e-05]
 [ 5.76261893e-07 -5.85203308e-07  2.19196992e-06  1.78169715e-05]
 [-1.78798356e-05  4.02481298e-05  5.22435728e-07 -8.90729941e-07]
 [ 3.96313728e-05  3.61381671e-05 -4.99744630e-05 -1.79507681e-06]
 [ 3.48822181e-07  1.93602795e-08  8.76199684e-07 -1.24438214e-06]
 [ 1.15602205e-02  1.62030805e-01 -2.15447108e-01 -1.39916965e-04]
 [ 1.04429514e-06  9.58649409e-07 -7.81700302e-06  2.23543814e-01]
 [ 1.03994903e-07 -1.19103635e-06 -4.81568387e-05  3.04479244e-01]]
[[ 4.86000317e-07 -4.43891443e-07 -1.76887147e-02  2.18672556e-04]
 [ 1.24292743e-06  4.80099205e-05 -1.69355101e-01  1.39705848e-01]
 [-8.02417733e-07  5.33151659e-05 -2.52667263e-05  5.02847540e-02]
 [ 2.83761513e-01  1.78962106e-01 -2.80027850e-01 -1.82695769e-01]
 [ 6.81584651e-06  4.04302608e-06  1.11397577e-01 -2.10435791e-04]
 [ 7.80082473e-06 -3.61843417e-07 -2.83975249e-02  7.19664086e-01]
 [-8.74477859e-07  9.51917226e-07 -2.85761610e-05  3.64987217e-05]
 [ 1.01314354e-06 -7.43134185e-08 -5.88523683e-07 -3.50306434e-07]
 [-1.02178383e-07  4.13241070e-07  1.69187568e-07 -4.80250255e-07]
 [-1.53361387e-04 -4.89870833e-05 -1.06725038e-04  3.99073508e-04]
 [-1.19760963e-07 -2.87924224e-07 -9.40969332e-07 -6.51345482e-07]
 [ 5.95056570e-07 -3.20030646e-07 -9.05119210e-05  1.46236895e-04]
 [ 8.49299203e-07  7.45460942e-07  8.41958055e-07 -4.36718200e-07]
 [-4.24702432e-07  2.35251859e-04  7.47701330e-07 -2.29574858e-04]
 [ 4.98856242e-06  1.70280456e-04 -4.43406482e-07 -1.72825612e-04]
 [ 1.89930364e-06  1.69070080e-04 -7.27657217e-06 -2.36928110e-05]
 [-7.68251611e-07  6.41484696e-07 -1.90507802e-05  6.33651775e-02]
 [-6.92349504e-07 -8.06442057e-07 -7.28700761e-07  2.27492321e-07]
 [-3.63695174e-05  2.01639045e-04 -4.96963708e-07 -4.47725635e-05]
 [-1.46181461e-06  2.98687883e-04 -6.54614473e-06 -1.18679923e-04]
 [-5.87720780e-07 -6.63954801e-08  7.23857689e-08  2.58173049e-06]
 [ 8.87522676e-05 -2.95951566e-05  1.30749816e-06 -2.46460915e-06]
 [ 9.91748110e-05  6.22063044e-06 -5.24752944e-05 -2.92014708e-06]
 [-1.28910122e-04 -3.38294884e-05 -1.36411245e-04  3.81150855e-04]
 [ 9.18929826e-03  1.77877271e-01 -2.24668526e-01 -2.16043135e-04]
 [ 5.05072417e-06  1.53679383e-07  6.78775050e-06  2.48462008e-01]
 [ 7.51788080e-06  5.71421330e-07 -3.52752915e-05  2.91499186e-01]]
[[ 1.19428413e-07 -1.81902986e-06 -1.27797787e-04  1.93894974e-02]
 [ 6.04557374e-06 -3.53490693e-06 -2.36846776e-01  1.82664265e-01]
 [ 2.59342187e-07  4.35687403e-06 -8.14217706e-03  5.49560846e-04]
 [ 2.72930200e-01  1.85963683e-01 -2.81785618e-01 -1.77110266e-01]
 [-9.44802388e-06  7.17552328e-06  7.40214258e-02 -4.11533407e-05]
 [-1.22791580e-06 -6.84637524e-06 -2.95388819e-02  7.30412956e-01]
 [-4.82971625e-07  4.37592400e-07 -1.07354912e-06  3.11892834e-06]
 [-5.76652460e-07  3.63415446e-07 -4.05231610e-07  6.18468625e-07]
 [-4.81682589e-07  8.24076605e-07 -1.88364619e-07 -1.54029396e-07]
 [ 2.68869647e-07 -4.69518186e-07  5.29101077e-07 -3.28452538e-07]
 [ 6.40696087e-07 -9.93093152e-07 -6.73145437e-07  1.02554250e-06]
 [-1.78613885e-08 -9.84104718e-07 -1.44500182e-05  1.94519843e-05]
 [-1.23802145e-07  2.45501978e-07 -8.87618438e-07  7.65918605e-07]
 [-2.15263584e-07  1.04825948e-07  1.03496229e-06 -9.24524656e-07]
 [-3.63521708e-07 -1.21822452e-06  4.49633234e-07 -8.67887010e-07]
 [-4.26319323e-07 -6.66878385e-05 -6.76097862e-06  2.18751365e-05]
 [ 1.02824604e-06 -3.69843252e-07  5.60568041e-06  4.88497359e-02]
 [-6.66929031e-07 -2.67616917e-07  7.36633624e-07  1.97912324e-07]
 [-5.66756608e-07  3.50135191e-05  1.48664327e-06  6.65942073e-08]
 [-1.60372015e-08 -7.20986261e-07 -2.22230753e-05  9.09600988e-05]
 [ 2.07044256e-07 -1.86187163e-07 -4.41837015e-06  1.63975131e-05]
 [-1.38794042e-05  5.63781146e-05 -2.61588758e-06 -1.88282277e-06]
 [ 2.82788085e-05  8.68914367e-05 -1.15616025e-04 -1.55422020e-06]
 [ 2.07795347e-05  1.34449953e-05 -4.70450698e-05  2.82053985e-06]
 [ 2.79048642e-02  1.61383895e-01 -1.97949226e-01 -3.93953373e-03]
 [-2.18689448e-07 -6.85882583e-06 -1.37400201e-05  2.31758818e-01]
 [-1.15131244e-06 -6.50035475e-06 -2.30893783e-06  3.02551961e-01]]

lambda = 0.001

Train set accuracy:
Degree 2 - 0.8170414774504818
Test set accuracy:
Degree 2 - 0.8166702272974696
Train set last loss:
Degree 2 - 0.5641761418576642
Test set last loss:
Degree 2 - 0.5671531656317718
Weights
[[ 2.14649759e-05 -1.29069132e-06 -1.68575025e-01  7.98552507e-02]
 [ 1.38518360e-05 -9.78494944e-02 -2.12975763e-01  3.60877805e-01]
 [-1.45584065e-02 -1.02713624e-04 -1.15101917e-01  2.79699837e-01]
 [ 5.27179179e-01  3.42143584e-01 -4.37111560e-01 -4.32211803e-01]
 [-5.33757303e-01 -4.44839317e-02  5.48324940e-01  7.13698947e-02]
 [-3.30822548e-02 -1.35586169e-01 -1.21287416e-01  5.12243640e-01]
 [ 6.90009974e-02 -2.23813041e-07  3.94436086e-07 -4.22073680e-02]
 [ 2.57793079e-08 -2.24061237e-07  2.54588198e-05 -2.42605378e-05]
 [ 1.56374499e-08 -1.61921626e-07  6.70318260e-05 -6.88855418e-05]
 [-3.64741937e-02 -2.92479616e-02  2.61988191e-02  3.68839362e-02]
 [ 1.57940849e-07 -8.94753969e-07 -7.61739621e-03  1.60533020e-04]
 [ 2.31388696e-05 -1.02058257e-06 -1.52150372e-01  5.83272538e-02]
 [-2.21081514e-05  1.22060331e-05  1.64045573e-01 -1.26614071e-01]
 [-2.11881556e-04  5.62977032e-02  7.80548169e-02 -1.51625039e-01]
 [ 5.79027697e-03  1.36779993e-04  3.65833664e-02 -1.40221223e-01]
 [-3.77570884e-05 -1.68318762e-02 -1.48213003e-01  1.99016637e-01]
 [ 2.05507740e-05 -6.36419777e-07 -9.67059705e-02  1.90695056e-01]
 [-2.62019264e-08  1.04190263e-01  2.42607774e-09 -8.79356396e-02]
 [-4.39990218e-03  2.42868407e-04  9.58981615e-02 -4.20325277e-02]
 [-2.43864150e-04 -2.13165470e-02  1.27003397e-02  3.89836715e-02]
 [-3.31802876e-07 -5.23840662e-07  1.13567011e-04  2.04808863e-03]
 [-2.07884176e-01 -3.10553131e-02  3.71896052e-01 -4.51976287e-03]
 [ 1.02733114e-01  2.48837943e-02  8.28572331e-05 -2.34224565e-01]
 [ 1.84107229e-02  1.77624567e-02 -1.74546459e-01 -1.79209399e-05]
 [ 4.97684783e-01  2.93217416e-01 -6.63277737e-01 -1.28366862e-01]
 [-3.99853995e-02 -7.72282801e-02 -1.59388764e-02  3.55442556e-01]
 [-4.76632833e-02 -1.39652177e-01  2.29654179e-03  3.47940518e-01]]
[[ 3.90635876e-05 -8.92045298e-07 -1.57505001e-01  6.81552297e-02]
 [ 4.86981028e-04 -1.12717134e-01 -2.25202912e-01  3.43787065e-01]
 [-3.19916915e-03 -8.47006835e-05 -1.32605151e-01  2.88015621e-01]
 [ 5.14115407e-01  3.35011693e-01 -4.29982706e-01 -4.19144194e-01]
 [-4.96494512e-01 -3.99605643e-02  5.10705038e-01  6.83696377e-02]
 [-3.22746236e-02 -1.33567357e-01 -1.31290236e-01  5.19420816e-01]
 [ 4.29038272e-02 -1.79988602e-07 -2.20935681e-07 -5.72944262e-02]
 [-2.03484589e-09 -1.30831137e-07 -1.48705705e-07  8.15716884e-08]
 [-3.25101153e-08 -1.14270326e-07 -1.02057704e-07  4.88381454e-08]
 [-3.57197180e-02 -3.69849125e-02  5.54801382e-02  2.31022923e-02]
 [ 3.68522124e-07 -3.56821814e-07  1.05956606e-06 -6.71266363e-07]
 [ 4.38158694e-05 -8.69328832e-07 -1.41386947e-01  4.79842003e-02]
 [ 3.46644507e-08 -1.15888811e-07  1.83727080e-01 -2.36808198e-01]
 [ 5.12618663e-09  6.11482212e-02  1.44235057e-02 -1.04544132e-01]
 [-1.31642468e-05 -4.47586224e-06  5.75647953e-02 -8.97205552e-02]
 [ 2.01070965e-04 -3.53242983e-02 -1.10685591e-01  1.49755018e-01]
 [-4.84784564e-06  4.15707360e-06 -1.35192127e-01  2.12370418e-01]
 [ 2.49947478e-08  9.28970250e-02  2.85539700e-08 -1.04204079e-01]
 [-2.03857781e-05 -1.09400765e-05  9.38035585e-02 -6.28934327e-02]
 [-1.05403174e-05 -6.04648187e-05 -1.55186943e-05  5.91689238e-02]
 [-3.42541800e-06 -4.38816518e-07  4.36729681e-04  1.55334554e-04]
 [-2.05783321e-01 -3.47910665e-02  3.50513456e-01  1.41313661e-05]
 [ 1.09298024e-01  3.81727902e-02  2.43915222e-05 -2.29805405e-01]
 [ 4.47297910e-03  3.11595905e-02 -1.11868648e-01 -3.14521464e-04]
 [ 4.74775323e-01  2.75263409e-01 -6.23248441e-01 -1.27282691e-01]
 [-5.13093302e-02 -7.17212696e-02 -4.66559557e-03  3.49989995e-01]
 [-4.60175004e-02 -1.36656581e-01  2.24684878e-03  3.44923833e-01]]
[[ 6.18251261e-05 -2.94660421e-08 -1.56033399e-01  6.25782034e-02]
 [ 1.30254249e-04 -9.77700944e-02 -2.59209091e-01  3.62489531e-01]
 [-2.64462980e-02 -2.84215609e-05 -1.07497309e-01  2.66252829e-01]
 [ 5.08636226e-01  3.46908528e-01 -4.39468427e-01 -4.16076327e-01]
 [-5.06057487e-01 -3.87235075e-02  5.14276023e-01  7.07869724e-02]
 [-3.63626130e-02 -1.38481727e-01 -1.24944810e-01  5.22088750e-01]
 [ 3.74142543e-02  7.50766366e-08  1.01725254e-06 -5.25177466e-02]
 [ 1.16998029e-07 -2.82791047e-08  3.38748993e-06 -3.27620886e-06]
 [-4.50649648e-08  6.63949550e-08  7.89651137e-05 -5.35864437e-05]
 [-4.08191749e-02 -3.13426588e-02  5.82870292e-02  1.91166044e-02]
 [ 1.09827115e-07  1.38253244e-07  5.00809351e-05 -3.79290155e-05]
 [ 6.71584982e-05  2.94092724e-07 -1.40627913e-01  3.89438609e-02]
 [-6.20391934e-08  1.06267355e-07  2.56828549e-01 -3.52199193e-01]
 [-7.27478419e-09 -2.81540369e-08  1.10103577e-01 -1.54137941e-01]
 [ 1.80729256e-03  9.18984799e-06  4.61561570e-02 -1.58378039e-01]
 [ 1.12142333e-05 -8.08457284e-02 -1.76699839e-02  1.48844298e-01]
 [ 2.78189670e-06  5.21746912e-06 -1.17052655e-01  2.44530455e-01]
 [-1.76967407e-08  9.08218341e-02  8.40524113e-07 -9.24450569e-02]
 [-1.07707721e-04  2.55015242e-03  5.28606444e-02 -4.42776891e-02]
 [-8.70811439e-05 -2.10973802e-02  3.68762951e-03  8.07554318e-02]
 [ 1.48903652e-06 -1.67872192e-06  2.55821718e-04 -1.24632033e-04]
 [-1.91308387e-01 -4.11531798e-02  3.51394784e-01 -8.17736180e-07]
 [ 9.67517900e-02  1.79041357e-02  9.05424271e-04 -2.31109950e-01]
 [ 2.83198442e-05  2.31994370e-02 -1.03254169e-01 -1.92387673e-04]
 [ 4.69883688e-01  2.76954679e-01 -6.26728822e-01 -1.20850345e-01]
 [-4.63867335e-02 -6.78643685e-02 -9.44807493e-03  3.45998977e-01]
 [-4.38691831e-02 -1.44856307e-01  3.53972429e-03  3.41096566e-01]]
[[-2.30902189e-06 -1.02622112e-06 -1.66616787e-01  6.26645226e-02]
 [ 4.33515429e-03 -9.45604126e-02 -2.49439598e-01  3.39577656e-01]
 [-1.03882378e-02 -7.25528682e-03 -9.88600079e-02  3.31147933e-01]
 [ 5.20827028e-01  3.45491577e-01 -4.34713990e-01 -4.31605015e-01]
 [-5.38074615e-01 -3.49512731e-02  5.29028505e-01  7.56831828e-02]
 [-2.78937852e-02 -1.38436643e-01 -1.24022298e-01  5.12652126e-01]
 [ 3.82383147e-02 -3.74645363e-07 -2.58528625e-07 -5.13042815e-02]
 [ 1.14898317e-05 -1.96739715e-07 -2.98957940e-09  1.09897579e-07]
 [ 1.17691925e-07 -1.62717238e-07 -3.89285822e-08  8.39538951e-08]
 [-2.42809043e-02 -2.25799065e-02  2.61364213e-02  2.79341895e-02]
 [-4.04935074e-06 -7.42114761e-07  2.92363278e-06  1.66783273e-06]
 [-2.14680993e-06 -1.04808291e-06 -1.49335087e-01  4.05284817e-02]
 [ 1.27233906e-04  3.80495583e-05  2.01132502e-01 -2.57886385e-01]
 [ 1.02937193e-07  4.88067774e-02  4.29238404e-02 -1.27711721e-01]
 [-8.58080296e-05  1.03615947e-04  1.95647871e-02 -7.29685950e-02]
 [ 2.62741632e-04 -3.10179558e-02 -7.95299265e-02  1.08901541e-01]
 [ 7.16761172e-05 -7.75178994e-07 -1.37057388e-01  2.19170487e-01]
 [ 5.33249843e-08  4.55648590e-06 -7.29746134e-09 -1.58025134e-05]
 [-5.59012230e-05  3.50647983e-04  9.16233464e-02 -8.08406931e-02]
 [-9.61284528e-05  6.29720344e-05 -1.12917408e-04  5.07748738e-02]
 [-1.46816235e-06 -5.15362112e-07  1.57431378e-04 -1.66478539e-05]
 [-1.99513344e-01 -3.96859356e-02  3.76547909e-01 -1.36264294e-02]
 [ 1.14196921e-01  3.83625775e-02  1.34147045e-05 -2.38048113e-01]
 [ 3.56721308e-05  2.05878978e-02 -1.19694371e-01 -1.51989686e-05]
 [ 4.92902926e-01  2.80732704e-01 -6.42934119e-01 -1.31415311e-01]
 [-4.53216081e-02 -8.25218158e-02 -1.29836155e-02  3.63126239e-01]
 [-4.32222565e-02 -1.42119748e-01  4.24518800e-03  3.36732617e-01]]
[[-2.04501842e-06  1.15125860e-06 -1.53725981e-01  8.80838745e-02]
 [ 1.54558708e-02 -1.08034913e-01 -2.95301017e-01  3.87701460e-01]
 [-8.76386598e-03 -1.59759123e-04 -1.26328309e-01  2.86321134e-01]
 [ 5.10533682e-01  3.19197000e-01 -4.30177621e-01 -3.99553461e-01]
 [-5.01201658e-01 -2.73022457e-02  5.02685201e-01  6.31451032e-02]
 [-4.14899457e-02 -1.30605587e-01 -1.19665816e-01  5.14061148e-01]
 [ 4.96159034e-08  5.52478433e-08 -4.17275455e-08 -6.31362009e-08]
 [ 7.19282126e-08  1.22320346e-07 -1.26157372e-06  9.66732516e-06]
 [ 6.05891672e-08 -3.31072872e-08 -9.27516676e-08 -1.34730212e-07]
 [-3.68226822e-02 -3.32108267e-02  6.20364536e-02  1.33250553e-02]
 [-4.51245992e-08  3.77091501e-07 -1.80986493e-05  2.13666824e-05]
 [-2.49778679e-06  1.21973351e-06 -1.35285950e-01  6.78514283e-02]
 [-9.31600379e-05  1.91318094e-08  1.72073557e-01 -2.26568616e-01]
 [-1.67428333e-02  8.60930850e-02 -1.61213726e-04 -4.78188379e-02]
 [-1.56353410e-05 -6.13608790e-05  3.77733012e-02 -1.11751705e-01]
 [ 2.10422842e-04 -5.62115300e-02 -1.44460546e-02  8.33153617e-02]
 [-2.51947388e-06  1.24468469e-06 -1.41029882e-01  2.12951357e-01]
 [-2.47498363e-08  9.85273369e-02 -6.48403888e-08 -9.75732473e-02]
 [ 1.58494098e-05 -7.57510839e-05  1.07554976e-01 -4.24640744e-02]
 [-7.35801053e-05 -1.87617406e-04  2.89435476e-05  2.80480540e-02]
 [-1.77356558e-06  1.81585315e-07  1.50179404e-05  1.41517404e-03]
 [-2.22779447e-01 -2.60125159e-02  3.33765011e-01  3.15515358e-05]
 [ 1.17117113e-01  2.67389984e-02  3.73901038e-05 -2.14267701e-01]
 [ 4.81115093e-03  2.60322016e-02 -1.13319048e-01 -2.11505025e-04]
 [ 4.73735691e-01  2.77449363e-01 -6.26095333e-01 -1.25418320e-01]
 [-3.74295133e-02 -6.51455701e-02 -2.66266690e-02  3.51501152e-01]
 [-5.58901906e-02 -1.36346456e-01  5.08554487e-03  3.39484301e-01]]

lambda = 0.0001

Train set accuracy:
Degree 2 - 0.8175167900999035
Test set accuracy:
Degree 2 - 0.8173677249071514
Train set last loss:
Degree 2 - 0.5512697595946602
Test set last loss:
Degree 2 - 0.5546390072752778
Weights
[[ 5.40176038e-02 -2.92418298e-03 -2.12146217e-01  1.50857256e-01]
 [ 4.11908405e-03 -1.54895129e-01 -2.24025934e-01  3.74798520e-01]
 [-5.98061637e-02 -6.47664544e-02 -1.78823109e-01  3.23392327e-01]
 [ 5.58958305e-01  3.72816840e-01 -4.62456811e-01 -4.69318315e-01]
 [-6.00924197e-01 -1.08747844e-01  5.94248054e-01  1.19038288e-01]
 [-9.13107370e-02 -1.92527511e-01 -1.54421228e-01  4.60488316e-01]
 [ 8.78867851e-02  1.50175905e-02 -4.31227949e-02 -6.02807407e-02]
 [ 1.72604304e-02 -1.23246835e-02 -3.28990217e-03  6.93055207e-04]
 [-5.67237844e-07 -7.10526198e-03  3.29351112e-02 -1.38011920e-02]
 [-1.01561765e-01 -8.62611194e-02  6.85738366e-02  1.19163508e-01]
 [ 3.78503401e-03  1.78689829e-07 -7.89054698e-02  6.00278571e-02]
 [ 5.33392721e-02 -2.92178131e-03 -2.01615518e-01  1.39962667e-01]
 [-2.96526147e-02  7.65529599e-03  1.56158467e-01 -1.38465288e-01]
 [-3.10276175e-02  1.37809681e-01  9.47271598e-02 -2.02333544e-01]
 [ 3.37706951e-02  2.90266058e-02  5.85030516e-02 -1.40256172e-01]
 [ 1.36488498e-02 -6.94860321e-02 -1.84356070e-01  2.39867252e-01]
 [ 7.18482616e-05 -4.46626977e-02 -1.30704142e-01  1.93606931e-01]
 [ 5.40346244e-06  1.32267586e-01  3.89097859e-03 -1.32600908e-01]
 [-1.59418390e-02  9.14920307e-03  1.15191191e-01 -1.05405495e-01]
 [-1.41178338e-02 -4.76330565e-02  2.25163614e-02  4.55394689e-02]
 [-3.38267453e-02 -5.43946492e-02  6.06770059e-02  3.48852686e-02]
 [-2.47834496e-01 -6.78478250e-02  4.08905302e-01 -8.15140610e-02]
 [ 1.64480321e-01  8.89521110e-02  3.61507664e-02 -2.99360958e-01]
 [ 1.07275174e-01  1.14747333e-01 -2.25673811e-01 -1.25982952e-02]
 [ 5.57265786e-01  3.44365303e-01 -7.12663282e-01 -1.89090887e-01]
 [-9.54437191e-02 -1.38135634e-01 -6.01776691e-02  3.15986982e-01]
 [-1.05692428e-01 -1.99827140e-01 -3.18332725e-03  3.30931756e-01]]
[[ 2.50905949e-02  2.01609328e-02 -2.02769660e-01  1.35432372e-01]
 [ 3.09856739e-02 -1.65884941e-01 -2.27432793e-01  3.62327080e-01]
 [-7.74676567e-02 -5.83757174e-02 -1.80035161e-01  3.34530875e-01]
 [ 5.46833806e-01  3.65324075e-01 -4.54456429e-01 -4.57701431e-01]
 [-5.64482363e-01 -1.06642651e-01  5.57350445e-01  1.17525569e-01]
 [-8.76728711e-02 -1.93738620e-01 -1.64064512e-01  4.67705983e-01]
 [ 7.83649803e-02  4.53294529e-02 -3.54319745e-02 -8.87457787e-02]
 [ 1.84967727e-02 -3.30078344e-03 -1.82255647e-02  4.44091543e-03]
 [ 3.08783802e-09 -2.62156522e-03  1.90950089e-02 -7.94138676e-03]
 [-1.04484674e-01 -9.70106579e-02  9.61355603e-02  1.06544752e-01]
 [ 1.34261080e-03  3.91059039e-02 -5.01743916e-02 -7.93328308e-03]
 [ 2.49964849e-02  2.24823011e-02 -1.92174884e-01  1.22610137e-01]
 [ 2.41181708e-02  2.48441802e-02  2.14442987e-01 -2.80632058e-01]
 [-3.77972728e-02  1.58309093e-01  2.46449364e-02 -1.44227696e-01]
 [-1.15545986e-02  1.46156419e-02  7.22431088e-02 -8.91554922e-02]
 [ 3.50177739e-02 -7.43570300e-02 -1.40231546e-01  1.79450522e-01]
 [-3.31982132e-03 -3.85034051e-02 -1.68005181e-01  2.30796727e-01]
 [ 1.84544105e-06  1.29018603e-01  7.71468863e-03 -1.37889017e-01]
 [ 1.04848583e-02 -7.88651326e-04  1.19821613e-01 -1.33135680e-01]
 [-1.01343224e-02 -1.12995442e-02 -1.68448222e-02  5.65194088e-02]
 [-3.31613993e-02 -5.66451953e-02  6.45835268e-02  3.14065077e-02]
 [-2.44524724e-01 -6.70643755e-02  3.89653184e-01 -6.70356644e-02]
 [ 1.63349061e-01  9.37444938e-02  2.87612584e-02 -2.93555713e-01]
 [ 8.26862250e-02  1.04785922e-01 -1.68770240e-01 -2.53762466e-02]
 [ 5.31902574e-01  3.25336425e-01 -6.71097635e-01 -1.86220464e-01]
 [-1.05491764e-01 -1.35520105e-01 -5.14943908e-02  3.14736240e-01]
 [-1.01828081e-01 -1.99585431e-01 -3.73520151e-03  3.27378694e-01]]
[[ 2.67786940e-02  2.03241307e-02 -1.99161798e-01  1.29934993e-01]
 [ 2.59853655e-02 -1.53269095e-01 -2.60352522e-01  3.87631131e-01]
 [-7.79661426e-02 -5.38624291e-02 -1.73146815e-01  3.24746807e-01]
 [ 5.41062555e-01  3.78250540e-01 -4.67633547e-01 -4.51679529e-01]
 [-5.73227811e-01 -1.01860178e-01  5.59009718e-01  1.19557171e-01]
 [-8.98286521e-02 -1.99304244e-01 -1.60963980e-01  4.72326795e-01]
 [ 6.94876980e-02  4.54113093e-02 -3.41171418e-02 -8.12279854e-02]
 [ 1.95586603e-03  4.60215582e-03  6.57032887e-03 -2.67008907e-02]
 [ 7.59687730e-07 -1.75267117e-07  2.79824977e-02 -3.01785021e-02]
 [-9.81966239e-02 -8.28050437e-02  9.88076404e-02  8.31301272e-02]
 [ 1.05485450e-06  3.78762100e-02 -5.06169174e-02 -7.24387431e-04]
 [ 3.11738434e-02  2.16181569e-02 -1.89335468e-01  1.14419687e-01]
 [ 4.58989266e-02  1.27975597e-02  3.21091584e-01 -4.01764710e-01]
 [-6.60544912e-06  3.74942494e-02  1.62386233e-01 -2.04745377e-01]
 [ 3.43887334e-02  4.74618111e-02  9.46381616e-02 -1.95848786e-01]
 [-5.16849372e-03 -1.30828289e-01 -4.57814517e-02  1.89487014e-01]
 [-5.91311641e-02 -2.72410693e-02 -1.50434870e-01  2.58533703e-01]
 [ 5.04924205e-06  1.25126627e-01  7.69273705e-04 -1.31859650e-01]
 [-7.99722931e-04  2.51026374e-02  6.76300747e-02 -9.36340491e-02]
 [-2.18321422e-02 -6.70833902e-02  2.14353722e-02  7.78041003e-02]
 [-2.66171311e-02 -4.19607680e-02  4.60767990e-02  2.93439401e-02]
 [-2.28566831e-01 -7.63027680e-02  3.87255358e-01 -7.11589191e-02]
 [ 1.57938397e-01  8.05478136e-02  4.57460701e-02 -2.94373800e-01]
 [ 6.60163234e-02  9.50453404e-02 -1.56684374e-01 -1.35598898e-02]
 [ 5.28853000e-01  3.26772605e-01 -6.75879499e-01 -1.79856866e-01]
 [-9.89139067e-02 -1.32098161e-01 -5.59185276e-02  3.09160576e-01]
 [-9.93199002e-02 -2.07800993e-01  2.59424935e-03  3.26057944e-01]]
[[ 3.57856024e-02  1.99643487e-02 -2.10699429e-01  1.32848938e-01]
 [ 4.32672729e-02 -1.57642384e-01 -2.49729098e-01  3.64097109e-01]
 [-7.01904016e-02 -9.80504336e-02 -1.61951004e-01  3.51217359e-01]
 [ 5.53756563e-01  3.77823625e-01 -4.61345655e-01 -4.70234553e-01]
 [-6.03021403e-01 -9.81796102e-02  5.77391162e-01  1.26410111e-01]
 [-8.28454787e-02 -1.98582483e-01 -1.58178522e-01  4.61836364e-01]
 [ 6.80501783e-02  4.49150958e-02 -3.62042665e-02 -7.72449076e-02]
 [ 2.10308623e-02 -1.31023759e-02 -1.05688399e-02  7.14113353e-03]
 [-2.36236759e-07 -8.97205704e-03  2.17976667e-02 -6.70355344e-03]
 [-7.49375544e-02 -8.16365817e-02  6.32107238e-02  9.51831123e-02]
 [ 4.24813452e-03  3.94566994e-02 -5.80761425e-02 -4.52691141e-03]
 [ 3.58285064e-02  2.29437771e-02 -1.99630352e-01  1.18758429e-01]
 [ 2.48616994e-02  2.02364960e-02  2.41719233e-01 -3.03274109e-01]
 [-3.01730499e-02  1.33021332e-01  6.60725927e-02 -1.69503235e-01]
 [-2.80666090e-03  3.13069890e-02  2.91523516e-02 -7.36222397e-02]
 [ 3.29269349e-02 -6.89154623e-02 -1.02516082e-01  1.38279150e-01]
 [ 4.31341636e-05 -4.85563893e-02 -1.69735020e-01  2.38209296e-01]
 [-1.53625174e-05  4.23793847e-02  1.68502708e-02 -5.81908130e-02]
 [ 7.73129786e-03  2.59213389e-02  1.07407983e-01 -1.50359140e-01]
 [-1.84576901e-02 -1.72750797e-02 -1.00672735e-02  6.48373833e-02]
 [-2.89343179e-02 -5.22870529e-02  5.73159847e-02  3.13887462e-02]
 [-2.38185741e-01 -7.81713015e-02  4.20644144e-01 -9.33789415e-02]
 [ 1.68549655e-01  9.34752008e-02  3.22841452e-02 -3.02401181e-01]
 [ 7.62186322e-02  1.01385549e-01 -1.73305299e-01 -1.48435626e-02]
 [ 5.50714987e-01  3.30141259e-01 -6.90254150e-01 -1.90705836e-01]
 [-9.89068025e-02 -1.46685221e-01 -5.94505970e-02  3.27272541e-01]
 [-9.76730153e-02 -2.05175796e-01  3.30290098e-03  3.20913191e-01]]
[[ 2.78919955e-02  2.24405425e-02 -2.03762770e-01  1.31341332e-01]
 [ 5.07845364e-02 -1.65358711e-01 -2.88126745e-01  4.02698160e-01]
 [-6.43612701e-02 -5.82193757e-02 -1.90460327e-01  3.32032713e-01]
 [ 5.39882092e-01  3.48454775e-01 -4.53659744e-01 -4.34677122e-01]
 [-5.69547600e-01 -8.90021819e-02  5.51350850e-01  1.10260832e-01]
 [-9.70228664e-02 -1.91471868e-01 -1.56003385e-01  4.66728099e-01]
 [ 2.80196769e-02  4.82044428e-02 -3.45624514e-02 -4.45505683e-02]
 [ 2.09768756e-02 -4.53203252e-04 -1.47039353e-02 -8.26017697e-03]
 [-3.40984528e-08 -5.10941337e-04  1.62261920e-05  3.26189243e-04]
 [-1.06523778e-01 -9.30217704e-02  1.16368908e-01  8.42923196e-02]
 [ 4.99208686e-03  3.95247003e-02 -5.05433704e-02 -1.05677167e-02]
 [ 2.72715281e-02  2.51618726e-02 -1.92962520e-01  1.18448640e-01]
 [ 9.85903922e-03  3.39200497e-02  2.21081936e-01 -2.81950565e-01]
 [-6.63673769e-02  1.68471936e-01  2.09785925e-03 -1.01546598e-01]
 [ 1.96711794e-02  1.42265656e-02  5.89082012e-02 -1.11506806e-01]
 [ 3.50153087e-02 -9.95410250e-02 -5.89823930e-02  1.23448949e-01]
 [ 5.24677288e-05 -4.29810202e-02 -1.65644725e-01  2.26361417e-01]
 [ 1.18611888e-06  1.33130741e-01  1.82818484e-03 -1.33733772e-01]
 [ 5.65841376e-03  5.10899322e-03  1.05998266e-01 -1.15294153e-01]
 [-2.15179207e-02 -1.51661787e-02  1.34459911e-02  3.11279283e-02]
 [-2.72637854e-02 -5.00734578e-02  5.31321413e-02  3.24597419e-02]
 [-2.59175272e-01 -5.52211810e-02  3.79112793e-01 -5.53257803e-02]
 [ 1.71399094e-01  7.93715533e-02  2.15053432e-02 -2.78469030e-01]
 [ 8.01221575e-02  9.80020476e-02 -1.63740500e-01 -2.06974847e-02]
 [ 5.32685141e-01  3.25123914e-01 -6.75393895e-01 -1.82464980e-01]
 [-9.16240333e-02 -1.29423149e-01 -7.40821695e-02  3.17359271e-01]
 [-1.10939020e-01 -1.99808574e-01  6.30794241e-03  3.25146992e-01]]
