lambda = 0.0

Degree 2 - 0.817508352705371
Test set accuracy:
Degree 2 - 0.8173564756806069
Train set last loss:
Degree 2 - 0.5494795401765995
Test set last loss:
Degree 2 - 0.5528224582795049
Weights
[[ 0.06078408 -0.00303329 -0.21689133  0.15914053]
 [ 0.00867747 -0.16302813 -0.22372933  0.37808   ]
 [-0.06529904 -0.07607148 -0.186597    0.32796751]
 [ 0.56287841  0.37615162 -0.46479657 -0.47423346]
 [-0.60845001 -0.11523711  0.59931727  0.12436985]
 [-0.09785639 -0.19943599 -0.15634116  0.45363354]
 [ 0.09021588  0.02617392 -0.05411275 -0.06227705]
 [ 0.02906256 -0.01531252 -0.01596926  0.00221922]
 [-0.00398754 -0.01090255  0.03874605 -0.02385596]
 [-0.10967723 -0.09310537  0.07423909  0.12854351]
 [ 0.01530143  0.00448857 -0.08683652  0.06704652]
 [ 0.05982406 -0.00216622 -0.20715487  0.14949703]
 [-0.03413656  0.01449104  0.1575751  -0.13792958]
 [-0.03654219  0.14480444  0.09871967 -0.20698192]
 [ 0.0378055   0.03789428  0.06289552 -0.13859529]
 [ 0.01892164 -0.07818836 -0.18688337  0.24615009]
 [-0.00636851 -0.05353149 -0.13418563  0.19408562]
 [-0.00645878  0.1372737   0.00727455 -0.13808947]
 [-0.01655208  0.0124311   0.11593716 -0.11181618]
 [-0.01683359 -0.05160872  0.02287208  0.04557024]
 [-0.0423818  -0.06320411  0.06715513  0.03843079]
 [-0.25149319 -0.07136944  0.41337378 -0.09051116]
 [ 0.1711289   0.0957069   0.04026538 -0.30710117]
 [ 0.11707306  0.1251602  -0.22955238 -0.01268088]
 [ 0.56413924  0.34986225 -0.71825261 -0.19574888]
 [-0.10204402 -0.1454424  -0.0641484   0.31163483]
 [-0.11246315 -0.20719444 -0.00849557  0.32815316]]
[[ 0.03250704  0.02990398 -0.20739749  0.14498648]
 [ 0.0357373  -0.17417596 -0.22672785  0.36516651]
 [-0.08587605 -0.06803195 -0.18503292  0.33894093]
 [ 0.55093087  0.36829061 -0.45679584 -0.46242564]
 [-0.57190163 -0.11366988  0.56261238  0.12295912]
 [-0.09426391 -0.20113923 -0.16573505  0.46113819]
 [ 0.08219419  0.05440499 -0.04641926 -0.09017992]
 [ 0.02983508 -0.00327662 -0.03194062  0.00538216]
 [-0.00138961 -0.0076921   0.02424801 -0.0151663 ]
 [-0.11391164 -0.10571735  0.10134214  0.11828684]
 [ 0.01248123  0.04867164 -0.05810535 -0.00304752]
 [ 0.03220572  0.03219009 -0.19744703  0.13305122]
 [ 0.03156925  0.03353032  0.22041777 -0.28551735]
 [-0.0458642   0.16663385  0.02783827 -0.14860792]
 [-0.0127072   0.02462813  0.07590005 -0.08782098]
 [ 0.04132446 -0.08133474 -0.14334584  0.18335613]
 [-0.01262206 -0.04832472 -0.17162874  0.23257552]
 [-0.00352762  0.13401271  0.01170731 -0.1421924 ]
 [ 0.01764074 -0.00074828  0.12334058 -0.14023304]
 [-0.01820618 -0.01376487 -0.02287657  0.05484763]
 [-0.0414029  -0.06619288  0.07187624  0.03571954]
 [-0.24854278 -0.07002664  0.39451561 -0.07594619]
 [ 0.16919328  0.09987338  0.03199349 -0.30106015]
 [ 0.09117891  0.11292733 -0.17511939 -0.02898684]
 [ 0.53849293  0.33072652 -0.67653812 -0.19268132]
 [-0.11202143 -0.14330714 -0.05532371  0.31065228]
 [-0.10865515 -0.20739046 -0.00858247  0.32462808]]
[[ 3.42812764e-02  2.97134541e-02 -2.03512061e-01  1.39517330e-01]
 [ 2.97956530e-02 -1.60562724e-01 -2.60099260e-01  3.90866331e-01]
 [-8.43635693e-02 -6.57071127e-02 -1.80115960e-01  3.30186642e-01]
 [ 5.44853494e-01  3.81528145e-01 -4.70100757e-01 -4.56280882e-01]
 [-5.80603923e-01 -1.08446709e-01  5.64196527e-01  1.24854105e-01]
 [-9.62285598e-02 -2.06835364e-01 -1.62648385e-01  4.65712309e-01]
 [ 7.33041992e-02  5.38679571e-02 -4.50965126e-02 -8.20756437e-02]
 [ 1.30473639e-02  1.57197431e-02  4.77477742e-03 -3.35418845e-02]
 [ 3.60682529e-04  4.95638647e-03  3.21721282e-02 -3.74891972e-02]
 [-1.05868970e-01 -9.04122995e-02  1.03913010e-01  9.23682599e-02]
 [ 3.89279623e-03  4.70957066e-02 -5.84777798e-02  7.48927693e-03]
 [ 3.84698225e-02  3.09262156e-02 -1.94300044e-01  1.24904005e-01]
 [ 5.40689498e-02  2.39880693e-02  3.29233872e-01 -4.07290891e-01]
 [-5.59623488e-03  4.75554781e-02  1.66607048e-01 -2.08566292e-01]
 [ 4.02337008e-02  5.86051167e-02  1.02068954e-01 -2.00907772e-01]
 [-7.70194366e-03 -1.37676966e-01 -4.81278482e-02  1.93506757e-01]
 [-6.91476409e-02 -3.65582515e-02 -1.54549736e-01  2.60255628e-01]
 [ 5.67141627e-04  1.30693513e-01  6.34234145e-03 -1.37602996e-01]
 [-9.77376568e-05  2.90902091e-02  6.95601069e-02 -9.85525783e-02]
 [-2.51338782e-02 -7.17918574e-02  2.03648030e-02  7.65609326e-02]
 [-3.50966814e-02 -5.10877645e-02  5.21044742e-02  3.40799717e-02]
 [-2.32175163e-01 -7.96961802e-02  3.91899101e-01 -8.00277580e-02]
 [ 1.64709296e-01  8.72524282e-02  4.99116968e-02 -3.01873421e-01]
 [ 7.48134539e-02  1.02727969e-01 -1.62219326e-01 -1.53220964e-02]
 [ 5.35649140e-01  3.32084400e-01 -6.81386365e-01 -1.86347175e-01]
 [-1.05065425e-01 -1.39972487e-01 -5.96754298e-02  3.04713342e-01]
 [-1.06026644e-01 -2.15657526e-01 -1.92032264e-03  3.23604492e-01]]
[[ 4.31103834e-02  2.95648507e-02 -2.15160765e-01  1.42485530e-01]
 [ 4.63702426e-02 -1.65598339e-01 -2.48913769e-01  3.68141866e-01]
 [-7.75038761e-02 -1.07521166e-01 -1.67982927e-01  3.53007969e-01]
 [ 5.57726914e-01  3.81397668e-01 -4.64225067e-01 -4.74899515e-01]
 [-6.10232868e-01 -1.04438850e-01  5.82654951e-01  1.32016767e-01]
 [-8.93066273e-02 -2.06031294e-01 -1.59846908e-01  4.55184830e-01]
 [ 7.16626602e-02  5.37086991e-02 -4.72031565e-02 -7.81682028e-02]
 [ 3.24329716e-02 -1.67226640e-02 -2.46757425e-02  8.96543489e-03]
 [ 1.41886820e-03 -1.39349900e-02  2.58233753e-02 -1.33072535e-02]
 [-8.26746530e-02 -8.98369821e-02  6.72467301e-02  1.05264905e-01]
 [ 1.52075216e-02  4.84367549e-02 -6.56342164e-02  1.98993989e-03]
 [ 4.29373385e-02  3.25046153e-02 -2.04833344e-01  1.29391390e-01]
 [ 2.93447302e-02  2.95088015e-02  2.47687744e-01 -3.06541276e-01]
 [-3.81502625e-02  1.43192709e-01  6.95189209e-02 -1.74561368e-01]
 [-7.11401821e-05  3.87755515e-02  3.38251470e-02 -7.25295584e-02]
 [ 3.61552878e-02 -7.33297974e-02 -1.05337585e-01  1.42512094e-01]
 [-8.02956787e-03 -5.87369186e-02 -1.73299076e-01  2.40065562e-01]
 [-8.46573771e-03  5.34090073e-02  2.24631392e-02 -6.74064087e-02]
 [ 1.36346558e-02  3.26593053e-02  1.11715395e-01 -1.58009356e-01]
 [-2.46984979e-02 -2.49419704e-02 -1.55598435e-02  6.52003118e-02]
 [-3.74467484e-02 -6.21278468e-02  6.41958582e-02  3.53787370e-02]
 [-2.41907677e-01 -8.19093299e-02  4.26227194e-01 -1.02410187e-01]
 [ 1.74315080e-01  9.97701757e-02  3.58289428e-02 -3.09914199e-01]
 [ 8.49056759e-02  1.10240497e-01 -1.78448572e-01 -1.66976009e-02]
 [ 5.57375872e-01  3.35448880e-01 -6.95493848e-01 -1.97330904e-01]
 [-1.05253038e-01 -1.54568142e-01 -6.33981277e-02  3.23219308e-01]
 [-1.04367018e-01 -2.13037128e-01 -9.99676259e-04  3.18403822e-01]]
[[ 3.85865020e-02  3.21069343e-02 -2.08796913e-01  1.38103477e-01]
 [ 5.52123343e-02 -1.73930813e-01 -2.86582515e-01  4.05300994e-01]
 [-7.12755927e-02 -6.81116771e-02 -1.97118101e-01  3.36505371e-01]
 [ 5.43288494e-01  3.51270003e-01 -4.55491986e-01 -4.39066511e-01]
 [-5.77220788e-01 -9.52356921e-02  5.56895195e-01  1.15561285e-01]
 [-1.03870196e-01 -1.98893540e-01 -1.57975235e-01  4.60738971e-01]
 [ 3.87233095e-02  5.75945178e-02 -4.54993072e-02 -5.08185201e-02]
 [ 3.21355467e-02  6.46071793e-03 -2.57996499e-02 -1.27966147e-02]
 [-8.50691571e-04  8.12668016e-05 -6.11347726e-03  6.88290203e-03]
 [-1.15423962e-01 -1.03020971e-01  1.23242211e-01  9.52027221e-02]
 [ 1.63884187e-02  4.83053948e-02 -5.88825762e-02 -5.81123730e-03]
 [ 3.79513338e-02  3.49138853e-02 -1.98827933e-01  1.25962714e-01]
 [ 1.70601574e-02  4.18152507e-02  2.27559171e-01 -2.86434579e-01]
 [-7.47607152e-02  1.74398380e-01  6.02505500e-03 -1.05662720e-01]
 [ 2.44172748e-02  2.33253412e-02  6.37682507e-02 -1.11510867e-01]
 [ 4.08996904e-02 -1.05513033e-01 -6.32131523e-02  1.27826495e-01]
 [-6.36541060e-03 -5.36439446e-02 -1.68536746e-01  2.28546101e-01]
 [-4.02361319e-03  1.38007214e-01  4.73568625e-03 -1.38719287e-01]
 [ 9.21728525e-03  8.60704004e-03  1.06662194e-01 -1.24486520e-01]
 [-2.60931344e-02 -1.83837841e-02  1.33461115e-02  3.11308070e-02]
 [-3.58155175e-02 -6.04794454e-02  6.00300669e-02  3.62648960e-02]
 [-2.62564565e-01 -5.77820622e-02  3.84476624e-01 -6.41299969e-02]
 [ 1.77340739e-01  8.52379878e-02  2.35138073e-02 -2.86092534e-01]
 [ 8.75100049e-02  1.05481676e-01 -1.69154053e-01 -2.38376284e-02]
 [ 5.39502906e-01  3.30101559e-01 -6.81059256e-01 -1.88545209e-01]
 [-9.82381570e-02 -1.37253671e-01 -7.80749535e-02  3.13566781e-01]
 [-1.18025934e-01 -2.07626283e-01  2.71634351e-03  3.22935873e-01]]

lambda = 0.0001

Train set accuracy:
Degree 2 - 0.8174942901833984
Test set accuracy:
Degree 2 - 0.8173564750477744
Train set last loss:
Degree 2 - 0.549779623250277
Test set last loss:
Degree 2 - 0.5531152301233678
Weights
[[ 0.06048849 -0.00320508 -0.21581232  0.15852892]
 [ 0.00871539 -0.16222176 -0.22365498  0.37716135]
 [-0.06489949 -0.07563306 -0.18603129  0.32656384]
 [ 0.56093898  0.37477745 -0.46395668 -0.47175976]
 [-0.60573571 -0.1141857   0.59673507  0.12318635]
 [-0.09776574 -0.19882112 -0.15646856  0.45305542]
 [ 0.08981301  0.02595722 -0.05357005 -0.06220018]
 [ 0.02889854 -0.01521585 -0.01577683  0.00209414]
 [-0.00399215 -0.01085273  0.03856588 -0.02372099]
 [-0.10907075 -0.09259215  0.07385276  0.12781014]
 [ 0.01509675  0.00434992 -0.08632011  0.06687345]
 [ 0.05953127 -0.00235005 -0.20605549  0.14887427]
 [-0.03405398  0.01440183  0.15738007 -0.13772791]
 [-0.03646643  0.14398563  0.09855385 -0.20607304]
 [ 0.03773994  0.03764681  0.06283597 -0.13822272]
 [ 0.01888762 -0.0778439  -0.18649717  0.24545346]
 [-0.00635141 -0.05327362 -0.13410961  0.19373464]
 [-0.00644873  0.13663051  0.00728098 -0.13746276]
 [-0.01652644  0.01231589  0.11553211 -0.11132156]
 [-0.01677852 -0.05147409  0.02267558  0.04557703]
 [-0.04217641 -0.06287929  0.06647345  0.03858225]
 [-0.25045481 -0.07116218  0.41155746 -0.08994047]
 [ 0.17045697  0.09537719  0.03963601 -0.30547017]
 [ 0.11656598  0.12457435 -0.22864685 -0.01249347]
 [ 0.56162566  0.34854696 -0.71538596 -0.19478665]
 [-0.10202827 -0.1451383  -0.06425329  0.31141986]
 [-0.11229733 -0.20653803 -0.00905733  0.32789269]]
[[ 0.03224153  0.02956955 -0.20629109  0.14448001]
 [ 0.03573232 -0.17332579 -0.22663635  0.36422982]
 [-0.08540722 -0.06751839 -0.18457262  0.33749823]
 [ 0.54928615  0.36688342 -0.4561145  -0.46005506]
 [-0.56931497 -0.11259201  0.56014952  0.12175746]
 [-0.09418137 -0.2005178  -0.16585753  0.4605567 ]
 [ 0.08181596  0.05407672 -0.04579069 -0.09010199]
 [ 0.02963086 -0.00327607 -0.03153398  0.00517919]
 [-0.00134986 -0.0076083   0.02428792 -0.01532975]
 [-0.11330381 -0.1050846   0.1008226   0.11756581]
 [ 0.01227862  0.04833684 -0.05773499 -0.00288047]
 [ 0.03194495  0.03183985 -0.19633202  0.13254723]
 [ 0.0312156   0.03326669  0.21931361 -0.2837959 ]
 [-0.04578194  0.16573504  0.02797298 -0.14792608]
 [-0.01245546  0.0244458   0.07569674 -0.08768707]
 [ 0.04111361 -0.081011   -0.14310653  0.18300393]
 [-0.01259429 -0.0481132  -0.17128686  0.23199435]
 [-0.00349601  0.13339273  0.01168647 -0.1415832 ]
 [ 0.01750923 -0.00081242  0.12286284 -0.13955965]
 [-0.01821642 -0.0138053  -0.02284204  0.05486376]
 [-0.04127298 -0.06584867  0.07123915  0.0358825 ]
 [-0.2473124  -0.0698572   0.39268616 -0.07551656]
 [ 0.16873065  0.09934353  0.03145468 -0.29952886]
 [ 0.09071227  0.1123585  -0.17438988 -0.02868089]
 [ 0.5361121   0.32950016 -0.67378462 -0.19182764]
 [-0.11197318 -0.14298262 -0.05547329  0.31042909]
 [-0.10850434 -0.20674161 -0.00928742  0.32453337]]
[[ 3.40086703e-02  2.94069329e-02 -2.02445817e-01  1.39030214e-01]
 [ 2.97893231e-02 -1.59775514e-01 -2.59750357e-01  3.89736549e-01]
 [-8.38735935e-02 -6.53089071e-02 -1.79463369e-01  3.28645870e-01]
 [ 5.43000198e-01  3.80228381e-01 -4.69339340e-01 -4.53889239e-01]
 [-5.78174143e-01 -1.07384105e-01  5.61757935e-01  1.23800314e-01]
 [-9.60582507e-02 -2.06171105e-01 -1.62811644e-01  4.65040999e-01]
 [ 7.29674547e-02  5.35575976e-02 -4.45517720e-02 -8.19732803e-02]
 [ 1.29370292e-02  1.55884476e-02  4.90312024e-03 -3.34285970e-02]
 [ 2.60060253e-04  4.83127125e-03  3.20668324e-02 -3.71581639e-02]
 [-1.05379988e-01 -8.99681924e-02  1.03498303e-01  9.18498775e-02]
 [ 3.74220260e-03  4.68081149e-02 -5.80807352e-02  7.53041765e-03]
 [ 3.81748797e-02  3.06067295e-02 -1.93223440e-01  1.24441831e-01]
 [ 5.37619587e-02  2.37986604e-02  3.27530082e-01 -4.05090701e-01]
 [-5.61490182e-03  4.73022378e-02  1.65912845e-01 -2.07600181e-01]
 [ 4.01151870e-02  5.82725293e-02  1.01544307e-01 -1.99932024e-01]
 [-7.67074653e-03 -1.37044383e-01 -4.83922565e-02  1.93107386e-01]
 [-6.88405431e-02 -3.64085353e-02 -1.54324998e-01  2.59574077e-01]
 [ 5.33533299e-04  1.30046293e-01  6.33751237e-03 -1.36917338e-01]
 [-2.52439862e-04  2.89422169e-02  6.94811573e-02 -9.81709343e-02]
 [-2.50374966e-02 -7.15666690e-02  2.01936075e-02  7.64105581e-02]
 [-3.49825495e-02 -5.08707727e-02  5.17094890e-02  3.41438331e-02]
 [-2.31307178e-01 -7.93171097e-02  3.90112248e-01 -7.94879606e-02]
 [ 1.64095030e-01  8.69479346e-02  4.90381051e-02 -3.00081070e-01]
 [ 7.45190853e-02  1.02341269e-01 -1.61624742e-01 -1.52356118e-02]
 [ 5.33219146e-01  3.31090614e-01 -6.78797403e-01 -1.85512356e-01]
 [-1.05093976e-01 -1.39703817e-01 -5.97671889e-02  3.04564982e-01]
 [-1.05834105e-01 -2.14972975e-01 -2.64131803e-03  3.23448398e-01]]
[[ 4.28143695e-02  2.92785464e-02 -2.14034927e-01  1.41942011e-01]
 [ 4.62820976e-02 -1.64362658e-01 -2.48766667e-01  3.66847227e-01]
 [-7.70543841e-02 -1.06796233e-01 -1.67368230e-01  3.51218847e-01]
 [ 5.55824798e-01  3.79896013e-01 -4.63193861e-01 -4.72526950e-01]
 [-6.07576209e-01 -1.03451428e-01  5.80183444e-01  1.30844193e-01]
 [-8.91995458e-02 -2.05384314e-01 -1.60039793e-01  4.54623652e-01]
 [ 7.13393529e-02  5.34063322e-02 -4.67004675e-02 -7.80452177e-02]
 [ 3.21515037e-02 -1.60291522e-02 -2.44172634e-02  8.29491190e-03]
 [ 1.32471223e-03 -1.35332838e-02  2.58555904e-02 -1.36470188e-02]
 [-8.23400053e-02 -8.91785093e-02  6.71343100e-02  1.04384205e-01]
 [ 1.50350304e-02  4.80980025e-02 -6.52561130e-02  2.12308012e-03]
 [ 4.26515171e-02  3.21828310e-02 -2.03712999e-01  1.28878651e-01]
 [ 2.92360848e-02  2.96809265e-02  2.46145298e-01 -3.05062309e-01]
 [-3.79961129e-02  1.41333828e-01  6.92705972e-02 -1.72608312e-01]
 [ 1.39736531e-05  3.86248407e-02  3.38758949e-02 -7.25147092e-02]
 [ 3.62346243e-02 -7.35795122e-02 -1.05284346e-01  1.42629234e-01]
 [-8.08743790e-03 -5.81681147e-02 -1.73104798e-01  2.39360351e-01]
 [-8.42053922e-03  5.28520393e-02  2.24243618e-02 -6.68558618e-02]
 [ 1.34361775e-02  3.25512002e-02  1.11313211e-01 -1.57300588e-01]
 [-2.47084152e-02 -2.49920876e-02 -1.56242584e-02  6.53247612e-02]
 [-3.72918135e-02 -6.16142006e-02  6.35574269e-02  3.53485873e-02]
 [-2.40784080e-01 -8.15231868e-02  4.24081801e-01 -1.01774534e-01]
 [ 1.73758931e-01  9.93984124e-02  3.52130106e-02 -3.08370354e-01]
 [ 8.44038992e-02  1.09414852e-01 -1.77172729e-01 -1.66460219e-02]
 [ 5.54903788e-01  3.34183213e-01 -6.92722126e-01 -1.96364875e-01]
 [-1.05235323e-01 -1.54178561e-01 -6.35650007e-02  3.22978885e-01]
 [-1.04212108e-01 -2.12357259e-01 -1.66328707e-03  3.18232654e-01]]
[[ 3.81953178e-02  3.18494605e-02 -2.07717449e-01  1.37672671e-01]
 [ 5.50874241e-02 -1.73087978e-01 -2.86141121e-01  4.04141675e-01]
 [-7.07669673e-02 -6.76168758e-02 -1.96571175e-01  3.34955018e-01]
 [ 5.41542668e-01  3.50185564e-01 -4.54760457e-01 -4.36967775e-01]
 [-5.74592800e-01 -9.42092534e-02  5.54381983e-01  1.14420070e-01]
 [-1.03753110e-01 -1.98257557e-01 -1.58049757e-01  4.60060423e-01]
 [ 3.83878251e-02  5.72801293e-02 -4.50366396e-02 -5.06313149e-02]
 [ 3.18778156e-02  6.47578186e-03 -2.55415784e-02 -1.28120191e-02]
 [-8.25738153e-04  1.78320780e-04 -5.99268628e-03  6.64010365e-03]
 [-1.14809911e-01 -1.02373978e-01  1.22677930e-01  9.45059584e-02]
 [ 1.61006118e-02  4.80742895e-02 -5.86643768e-02 -5.51052444e-03]
 [ 3.75550305e-02  3.46329909e-02 -1.97732896e-01  1.25544875e-01]
 [ 1.66861996e-02  4.16064467e-02  2.26594895e-01 -2.84887541e-01]
 [-7.45596631e-02  1.73554947e-01  6.22252215e-03 -1.05217806e-01]
 [ 2.42555141e-02  2.30916710e-02  6.37289878e-02 -1.11076173e-01]
 [ 4.06577356e-02 -1.05112291e-01 -6.34059809e-02  1.27860537e-01]
 [-6.37877470e-03 -5.33744046e-02 -1.68333192e-01  2.28086371e-01]
 [-4.01584246e-03  1.37319327e-01  4.78869642e-03 -1.38092181e-01]
 [ 9.04868389e-03  8.54636807e-03  1.06296088e-01 -1.23891140e-01]
 [-2.60747551e-02 -1.83749416e-02  1.32073973e-02  3.12422994e-02]
 [-3.56008311e-02 -6.01521773e-02  5.94840812e-02  3.62689272e-02]
 [-2.61368417e-01 -5.73692825e-02  3.82548301e-01 -6.38106016e-02]
 [ 1.76737328e-01  8.48928953e-02  2.29392649e-02 -2.84569488e-01]
 [ 8.71439027e-02  1.05061540e-01 -1.68476888e-01 -2.37285550e-02]
 [ 5.37096286e-01  3.29012896e-01 -6.78355222e-01 -1.87753960e-01]
 [-9.82042186e-02 -1.36933154e-01 -7.80876141e-02  3.13224987e-01]
 [-1.17870169e-01 -2.06961760e-01  2.09673316e-03  3.22735196e-01]]

lambda = 0.001

Train set accuracy:
Degree 2 - 0.8175055401614262
Test set accuracy:
Degree 2 - 0.8173227254696442
Train set last loss:
Degree 2 - 0.5497798501697577
Test set last loss:
Degree 2 - 0.553117013465039
Weights
[[ 0.0604124  -0.00321741 -0.21579562  0.15860063]
 [ 0.00873794 -0.16218242 -0.22366381  0.37710829]
 [-0.06480529 -0.07558227 -0.1860732   0.32646076]
 [ 0.56080041  0.37497448 -0.46400793 -0.47176696]
 [-0.60579542 -0.11409468  0.59667471  0.12321539]
 [-0.09776187 -0.19883765 -0.1564971   0.45309661]
 [ 0.08989247  0.02596595 -0.05359589 -0.06226253]
 [ 0.02889066 -0.01520069 -0.01572186  0.0020319 ]
 [-0.00401955 -0.01087629  0.0385646  -0.02366875]
 [-0.10916386 -0.09256713  0.07389849  0.12783251]
 [ 0.01510659  0.00433569 -0.08630377  0.06686148]
 [ 0.05945469 -0.00236099 -0.20604088  0.14894719]
 [-0.03405222  0.01437354  0.15737451 -0.13769584]
 [-0.03644081  0.14395425  0.09857956 -0.206093  ]
 [ 0.03789619  0.03767125  0.06268982 -0.13825727]
 [ 0.01877838 -0.07779257 -0.18640478  0.24541896]
 [-0.00636467 -0.05327595 -0.13411339  0.193754  ]
 [-0.00640958  0.13662069  0.00729647 -0.13750757]
 [-0.01651715  0.01231382  0.11555017 -0.11134684]
 [-0.01681079 -0.05148404  0.02274651  0.04554832]
 [-0.04212909 -0.06286825  0.06651867  0.03847867]
 [-0.25050265 -0.07107774  0.4115416  -0.08996121]
 [ 0.17035713  0.09546044  0.03966098 -0.30547855]
 [ 0.11649461  0.12452775 -0.22862981 -0.01239255]
 [ 0.56146859  0.34861633 -0.71536402 -0.1947209 ]
 [-0.10199863 -0.14512205 -0.06425715  0.31137783]
 [-0.112328   -0.20656844 -0.00905123  0.32794767]]
[[ 0.03223947  0.02970576 -0.20639644  0.14445121]
 [ 0.03568964 -0.173307   -0.2265835   0.36420085]
 [-0.0853742  -0.06752613 -0.18458988  0.33749021]
 [ 0.5491842   0.3668935  -0.45600651 -0.46007119]
 [-0.5694973  -0.1125725   0.56020407  0.12186574]
 [-0.09411427 -0.20052649 -0.16590743  0.46054819]
 [ 0.08180774  0.05412187 -0.04591581 -0.0900138 ]
 [ 0.02958492 -0.00329809 -0.0316005   0.00531367]
 [-0.00133831 -0.00756967  0.02430618 -0.0153982 ]
 [-0.11331654 -0.10506708  0.10087562  0.11750801]
 [ 0.01227806  0.04846829 -0.05773962 -0.00300673]
 [ 0.03194342  0.03198079 -0.19644061  0.1325164 ]
 [ 0.03120783  0.03327996  0.21924306 -0.28373085]
 [-0.04571629  0.16580279  0.02799368 -0.14808018]
 [-0.01254758  0.02445429  0.07590767 -0.08781438]
 [ 0.04092927 -0.08102188 -0.14296059  0.1830532 ]
 [-0.01263274 -0.0481365  -0.17134601  0.23211526]
 [-0.00351727  0.13339114  0.01167404 -0.14154791]
 [ 0.01749085 -0.00082449  0.12285696 -0.13952331]
 [-0.01816346 -0.01383072 -0.0227692   0.05476338]
 [-0.04126557 -0.06583111  0.07128919  0.03580748]
 [-0.24731339 -0.069845    0.39267442 -0.07551603]
 [ 0.16866987  0.09947623  0.03146302 -0.29960912]
 [ 0.09075006  0.11237061 -0.17435541 -0.02876526]
 [ 0.5360449   0.32952948 -0.67379094 -0.19178344]
 [-0.1118719  -0.14301125 -0.05558775  0.3104709 ]
 [-0.10844859 -0.20676282 -0.0093217   0.32453311]]
[[ 3.39910530e-02  2.94084809e-02 -2.02438767e-01  1.39039233e-01]
 [ 2.96847766e-02 -1.59799831e-01 -2.59751918e-01  3.89866972e-01]
 [-8.38481181e-02 -6.52124996e-02 -1.79573204e-01  3.28633821e-01]
 [ 5.42997730e-01  3.80275527e-01 -4.69345560e-01 -4.53927697e-01]
 [-5.77970675e-01 -1.07445586e-01  5.61610393e-01  1.23805868e-01]
 [-9.61073617e-02 -2.06174279e-01 -1.62741703e-01  4.65023344e-01]
 [ 7.29376115e-02  5.35791516e-02 -4.44896362e-02 -8.20271269e-02]
 [ 1.29707902e-02  1.56246562e-02  4.92063746e-03 -3.35160839e-02]
 [ 2.78987275e-04  4.85376174e-03  3.20276823e-02 -3.71604313e-02]
 [-1.05329065e-01 -8.99703120e-02  1.03500917e-01  9.17984607e-02]
 [ 3.76526554e-03  4.68281874e-02 -5.81599481e-02  7.56649517e-03]
 [ 3.81567185e-02  3.06077665e-02 -1.93210924e-01  1.24446439e-01]
 [ 5.37743992e-02  2.38287855e-02  3.27540955e-01 -4.05144140e-01]
 [-5.58433216e-03  4.73254779e-02  1.65864874e-01 -2.07606020e-01]
 [ 4.00148909e-02  5.81917160e-02  1.01781607e-01 -1.99988214e-01]
 [-8.02704838e-03 -1.37024356e-01 -4.81370095e-02  1.93188414e-01]
 [-6.88287925e-02 -3.63835635e-02 -1.54366549e-01  2.59578905e-01]
 [ 5.42403633e-04  1.30035435e-01  6.39077051e-03 -1.36968609e-01]
 [-2.44617415e-04  2.89101451e-02  6.94450716e-02 -9.81105993e-02]
 [-2.50390124e-02 -7.15376113e-02  2.00978684e-02  7.64787553e-02]
 [-3.49697505e-02 -5.08674981e-02  5.16734286e-02  3.41638201e-02]
 [-2.31284758e-01 -7.93056494e-02  3.90137386e-01 -7.95469780e-02]
 [ 1.64097237e-01  8.69891043e-02  4.91218031e-02 -3.00208145e-01]
 [ 7.44873584e-02  1.02312021e-01 -1.61638162e-01 -1.51612166e-02]
 [ 5.33065295e-01  3.30947946e-01 -6.78583840e-01 -1.85429401e-01]
 [-1.05076903e-01 -1.39681392e-01 -5.97899600e-02  3.04548255e-01]
 [-1.05857284e-01 -2.14962060e-01 -2.62288679e-03  3.23442230e-01]]
[[ 4.28267116e-02  2.92744523e-02 -2.14063703e-01  1.41962539e-01]
 [ 4.62828584e-02 -1.64490446e-01 -2.48664384e-01  3.66871972e-01]
 [-7.70058114e-02 -1.06844817e-01 -1.67352743e-01  3.51203371e-01]
 [ 5.55928759e-01  3.80048214e-01 -4.63468538e-01 -4.72508434e-01]
 [-6.07480161e-01 -1.03445774e-01  5.80107448e-01  1.30818487e-01]
 [-8.91907237e-02 -2.05338981e-01 -1.59944521e-01  4.54474225e-01]
 [ 7.13520262e-02  5.34092166e-02 -4.66402735e-02 -7.81209693e-02]
 [ 3.22006846e-02 -1.60560825e-02 -2.41833735e-02  8.03877135e-03]
 [ 1.31639921e-03 -1.36079056e-02  2.59970166e-02 -1.37055101e-02]
 [-8.22335229e-02 -8.91121665e-02  6.67753694e-02  1.04570320e-01]
 [ 1.50705413e-02  4.81788318e-02 -6.53630066e-02  2.11363357e-03]
 [ 4.26551951e-02  3.21699104e-02 -2.03723001e-01  1.28897895e-01]
 [ 2.93230091e-02  2.96181910e-02  2.46191640e-01 -3.05132840e-01]
 [-3.79164892e-02  1.41183357e-01  6.94112580e-02 -1.72678125e-01]
 [ 6.28285946e-05  3.86200764e-02  3.39406058e-02 -7.26235109e-02]
 [ 3.61393556e-02 -7.36007558e-02 -1.05187790e-01  1.42649190e-01]
 [-8.07451949e-03 -5.81898234e-02 -1.73082643e-01  2.39346986e-01]
 [-8.44335530e-03  5.28550078e-02  2.24524694e-02 -6.68641219e-02]
 [ 1.35333356e-02  3.25641720e-02  1.11371769e-01 -1.57469277e-01]
 [-2.46212094e-02 -2.50716649e-02 -1.57133642e-02  6.54062385e-02]
 [-3.72798448e-02 -6.16510719e-02  6.37197383e-02  3.52111784e-02]
 [-2.40870395e-01 -8.15320068e-02  4.24173216e-01 -1.01770814e-01]
 [ 1.73774548e-01  9.92491851e-02  3.52834056e-02 -3.08307139e-01]
 [ 8.45688131e-02  1.09674223e-01 -1.77800028e-01 -1.64430088e-02]
 [ 5.54886399e-01  3.34205232e-01 -6.92708908e-01 -1.96382722e-01]
 [-1.05250380e-01 -1.54144937e-01 -6.34454624e-02  3.22840780e-01]
 [-1.04207207e-01 -2.12328567e-01 -1.63521418e-03  3.18170988e-01]]
[[ 3.81801657e-02  3.17809093e-02 -2.07613593e-01  1.37652518e-01]
 [ 5.50378605e-02 -1.72961077e-01 -2.86154552e-01  4.04077769e-01]
 [-7.07208533e-02 -6.76432520e-02 -1.96622884e-01  3.34986989e-01]
 [ 5.41483672e-01  3.50077553e-01 -4.54670195e-01 -4.36891029e-01]
 [-5.74657654e-01 -9.42369624e-02  5.54432287e-01  1.14462330e-01]
 [-1.03772776e-01 -1.98258901e-01 -1.58113146e-01  4.60144824e-01]
 [ 3.84007537e-02  5.72416761e-02 -4.49741791e-02 -5.06682506e-02]
 [ 3.19063249e-02  6.56073557e-03 -2.56140445e-02 -1.28530160e-02]
 [-9.15879039e-04  1.42011170e-04 -6.24338740e-03  7.01725527e-03]
 [-1.14857957e-01 -1.02407612e-01  1.22839382e-01  9.44261878e-02]
 [ 1.61498801e-02  4.79794869e-02 -5.83843335e-02 -5.74503341e-03]
 [ 3.75434031e-02  3.45675793e-02 -1.97645731e-01  1.25534749e-01]
 [ 1.66935459e-02  4.16118833e-02  2.26643562e-01 -2.84948992e-01]
 [-7.45354538e-02  1.73497848e-01  6.20764048e-03 -1.05170035e-01]
 [ 2.42323212e-02  2.32820417e-02  6.35805516e-02 -1.11094914e-01]
 [ 4.06441788e-02 -1.05065796e-01 -6.34384314e-02  1.27860049e-01]
 [-6.40362326e-03 -5.33376728e-02 -1.68296427e-01  2.28037723e-01]
 [-3.99071232e-03  1.37325098e-01  4.69740873e-03 -1.38031794e-01]
 [ 9.10098862e-03  8.49021729e-03  1.06179910e-01 -1.23771115e-01]
 [-2.60242149e-02 -1.84184176e-02  1.31674796e-02  3.12751529e-02]
 [-3.56632507e-02 -6.01697851e-02  5.94841779e-02  3.63488579e-02]
 [-2.61367357e-01 -5.74990671e-02  3.82616141e-01 -6.37497169e-02]
 [ 1.76757544e-01  8.49312788e-02  2.29434741e-02 -2.84632297e-01]
 [ 8.71581878e-02  1.04906486e-01 -1.68096862e-01 -2.39678113e-02]
 [ 5.37038065e-01  3.28959977e-01 -6.78283342e-01 -1.87714700e-01]
 [-9.81729796e-02 -1.36935696e-01 -7.81849991e-02  3.13293675e-01]
 [-1.17914082e-01 -2.06965576e-01  2.05552276e-03  3.22824135e-01]]

lambda = 0.01

Train set accuracy:
Degree 2 - 0.8154861684528546
Test set accuracy:
Degree 2 - 0.8151852363672534
Train set last loss:
Degree 2 - 0.5694751270178431
Test set last loss:
Degree 2 - 0.5723318620683429
Weights
[[ 0.0377319  -0.01415631 -0.14283009  0.11925449]
 [ 0.01472691 -0.10282651 -0.21015475  0.29825434]
 [-0.03908004 -0.04152493 -0.1419705   0.22257547]
 [ 0.42782089  0.27668866 -0.39360364 -0.31090591]
 [-0.41009181 -0.03818185  0.40410882  0.04416485]
 [-0.08676859 -0.15403073 -0.16809565  0.40889497]
 [ 0.06793301  0.00985177 -0.02082937 -0.05695542]
 [ 0.0143468  -0.01075319 -0.00300311 -0.0005905 ]
 [-0.00427675 -0.00731962  0.02679196 -0.01519559]
 [-0.06593794 -0.05542981  0.04733386  0.07403389]
 [ 0.00111287 -0.00522812 -0.05315887  0.05727411]
 [ 0.03719199 -0.01388887 -0.13282256  0.10951944]
 [-0.02745148  0.00919766  0.1335159  -0.11526209]
 [-0.02856561  0.091727    0.08128727 -0.14444867]
 [ 0.03220301  0.02253523  0.05771372 -0.11245196]
 [ 0.01355799 -0.05315364 -0.15270922  0.19230487]
 [-0.00853156 -0.03690101 -0.12262989  0.16806246]
 [-0.00495095  0.09070731  0.00538769 -0.09114405]
 [-0.01528185  0.00603097  0.08413216 -0.07488128]
 [-0.01340824 -0.04167741  0.01038234  0.04470331]
 [-0.02807377 -0.04076305  0.02766888  0.04116795]
 [-0.16857726 -0.04994884  0.27557586 -0.05704976]
 [ 0.12709977  0.07016999 -0.00129394 -0.19597583]
 [ 0.08024327  0.08198928 -0.16004252 -0.00219003]
 [ 0.37782956  0.263047   -0.50880103 -0.13207553]
 [-0.0977936  -0.12023876 -0.07352748  0.29155984]
 [-0.09678339 -0.15935694 -0.05919821  0.31533854]]
[[ 1.93529809e-02  7.48957888e-03 -1.36154452e-01  1.09311892e-01]
 [ 3.03606263e-02 -1.11681899e-01 -2.11188454e-01  2.92509727e-01]
 [-5.16460464e-02 -3.45695137e-02 -1.44547060e-01  2.30762620e-01]
 [ 4.18429256e-01  2.70414852e-01 -3.83733543e-01 -3.05110565e-01]
 [-3.82107129e-01 -3.95077288e-02  3.79412126e-01  4.22027317e-02]
 [-8.51551599e-02 -1.54781302e-01 -1.74506893e-01  4.14443355e-01]
 [ 6.15677183e-02  2.86494126e-02 -1.59387463e-02 -7.42783845e-02]
 [ 1.38457915e-02 -1.15098299e-03 -5.30469991e-03 -7.39010859e-03]
 [-3.06007468e-03 -3.55846707e-03  2.28268688e-02 -1.62083270e-02]
 [-6.98580273e-02 -6.03969622e-02  6.72701277e-02  6.29848618e-02]
 [-2.29835756e-04  2.29701082e-02 -3.53576056e-02  1.26173332e-02]
 [ 1.94404055e-02  8.47035463e-03 -1.26368563e-01  9.84578026e-02]
 [ 6.52330941e-03  1.69370978e-02  1.47765091e-01 -1.71225498e-01]
 [-4.22554974e-02  1.01972315e-01  4.26938820e-02 -1.02410699e-01]
 [ 5.12674394e-03  1.15466478e-02  6.48828033e-02 -8.15561950e-02]
 [ 2.18048257e-02 -5.96156909e-02 -1.17967212e-01  1.55778077e-01]
 [-1.25565310e-02 -3.26565039e-02 -1.45154501e-01  1.90367536e-01]
 [-3.26990241e-03  8.83004013e-02  9.38566209e-03 -9.44161610e-02]
 [ 7.93808025e-03 -2.42475814e-03  8.54518544e-02 -9.09651765e-02]
 [-1.54335671e-02 -1.46691891e-02 -2.46842179e-02  5.47869742e-02]
 [-2.80477960e-02 -4.13349562e-02  3.17032818e-02  3.76794705e-02]
 [-1.62315911e-01 -4.47317918e-02  2.55753100e-01 -4.87053964e-02]
 [ 1.26822621e-01  7.60838753e-02 -9.85903191e-03 -1.93047464e-01]
 [ 5.96517959e-02  7.60328573e-02 -1.20224006e-01 -1.54606470e-02]
 [ 3.63973536e-01  2.49796952e-01 -4.82794760e-01 -1.30975729e-01]
 [-1.03366308e-01 -1.18722132e-01 -6.80119394e-02  2.90100379e-01]
 [-9.48380808e-02 -1.59147362e-01 -5.93566857e-02  3.13342129e-01]]
[[ 2.07578348e-02  7.87616921e-03 -1.34183469e-01  1.05549465e-01]
 [ 2.86713359e-02 -1.05089335e-01 -2.21937159e-01  2.98355158e-01]
 [-5.02121384e-02 -3.51987770e-02 -1.36762055e-01  2.22172970e-01]
 [ 4.15019635e-01  2.79339699e-01 -3.92949668e-01 -3.01409666e-01]
 [-3.90545648e-01 -3.54642585e-02  3.81154815e-01  4.48550913e-02]
 [-8.59352040e-02 -1.58469358e-01 -1.71741657e-01  4.16146219e-01]
 [ 5.61812499e-02  2.90766461e-02 -1.52038602e-02 -7.00540358e-02]
 [ 4.42572573e-03  5.68424985e-03  1.49852539e-02 -2.50952295e-02]
 [-2.23934995e-03  4.24165907e-04  3.22069758e-02 -3.03917918e-02]
 [-6.85650123e-02 -5.70269589e-02  7.27145763e-02  5.28773949e-02]
 [-5.83897641e-03  2.29971990e-02 -3.55917578e-02  1.84335352e-02]
 [ 2.36232123e-02  8.40605123e-03 -1.25067308e-01  9.30380445e-02]
 [ 3.30784199e-02  1.16540087e-02  2.28780304e-01 -2.73512733e-01]
 [-4.25689315e-03  2.77743220e-02  1.23342936e-01 -1.46860365e-01]
 [ 2.95083483e-02  3.02607498e-02  7.19795630e-02 -1.31748661e-01]
 [-1.25206890e-03 -9.16350580e-02 -5.01476163e-02  1.43034743e-01]
 [-4.70809551e-02 -2.78083458e-02 -1.36062282e-01  2.10951583e-01]
 [-4.49348805e-04  8.53024921e-02  6.74086856e-03 -9.15940118e-02]
 [-4.72339768e-03  1.83320849e-02  5.21567754e-02 -6.57654626e-02]
 [-1.80250927e-02 -5.47385602e-02  3.50035775e-03  6.92632952e-02]
 [-2.41616435e-02 -3.45309023e-02  2.51024350e-02  3.35901108e-02]
 [-1.53894647e-01 -5.17011089e-02  2.57061255e-01 -5.14654990e-02]
 [ 1.25089493e-01  6.59903140e-02  2.44537326e-03 -1.93525180e-01]
 [ 4.90759848e-02  7.17573579e-02 -1.11425647e-01 -9.40769616e-03]
 [ 3.60470609e-01  2.51702201e-01 -4.86538068e-01 -1.25634741e-01]
 [-9.93917701e-02 -1.16946370e-01 -7.03744259e-02  2.86712566e-01]
 [-9.26182344e-02 -1.64387726e-01 -5.29763513e-02  3.09982311e-01]]
[[ 0.02623247  0.00754188 -0.14083453  0.10706017]
 [ 0.03958028 -0.10446972 -0.22274361  0.28763305]
 [-0.04680806 -0.06563988 -0.13025226  0.2427002 ]
 [ 0.42319484  0.27541307 -0.38741976 -0.31118815]
 [-0.41258353 -0.03174142  0.39497944  0.04934551]
 [-0.08132241 -0.15819302 -0.16996902  0.40948444]
 [ 0.05520236  0.02867521 -0.01635299 -0.06752458]
 [ 0.01577026 -0.00793152  0.0006052  -0.00844394]
 [-0.00134181 -0.00689984  0.02524105 -0.0169994 ]
 [-0.05234533 -0.05224829  0.04880372  0.0557899 ]
 [ 0.00203574  0.02388144 -0.04089379  0.01497661]
 [ 0.02633499  0.00889069 -0.13071919  0.09549352]
 [ 0.00709397  0.01781985  0.15878481 -0.18369864]
 [-0.03803792  0.08847096  0.0647301  -0.11516314]
 [ 0.00545137  0.02545899  0.0395424  -0.07045276]
 [ 0.02271036 -0.05451212 -0.09815596  0.12995772]
 [-0.00971045 -0.03842859 -0.1455721   0.19371115]
 [-0.00695463  0.03101573  0.0177382  -0.0417993 ]
 [ 0.00249279  0.01612023  0.0837333  -0.10234633]
 [-0.01874483 -0.0206791  -0.0196744   0.05909833]
 [-0.02551124 -0.03883151  0.02615931  0.03818345]
 [-0.15774532 -0.04905504  0.2706032  -0.06380283]
 [ 0.13196425  0.07479005 -0.00910507 -0.19764923]
 [ 0.05729501  0.07433648 -0.12441616 -0.00721533]
 [ 0.37202139  0.25619427 -0.49488454 -0.13333111]
 [-0.09976122 -0.12576143 -0.07477672  0.30029936]
 [-0.09144535 -0.16294792 -0.05313904  0.30753231]]
[[ 1.29216239e-02  8.83347768e-03 -1.36184079e-01  1.14428977e-01]
 [ 4.34292611e-02 -1.11249542e-01 -2.48583167e-01  3.16403448e-01]
 [-4.24207428e-02 -3.45576415e-02 -1.50694004e-01  2.27672388e-01]
 [ 4.13846589e-01  2.57127449e-01 -3.77975059e-01 -2.92998979e-01]
 [-3.84277271e-01 -2.56050147e-02  3.73598901e-01  3.62833850e-02]
 [-9.07106285e-02 -1.52908570e-01 -1.68275315e-01  4.11894514e-01]
 [ 1.78429812e-02  3.01429614e-02 -1.56242324e-02 -3.23617102e-02]
 [ 1.50786266e-02  5.88907870e-03 -8.10002352e-03 -1.28676818e-02]
 [-2.92113916e-03  1.64598771e-03  8.29394642e-04  4.45756800e-04]
 [-7.17744276e-02 -5.98766588e-02  8.10314257e-02  5.06196607e-02]
 [ 1.53728870e-03  2.31334321e-02 -3.55309330e-02  1.08602122e-02]
 [ 1.23637450e-02  1.00003753e-02 -1.25981919e-01  1.03617799e-01]
 [-3.72697698e-03  2.40403495e-02  1.57756084e-01 -1.78069457e-01]
 [-5.95289266e-02  1.07881100e-01  2.28403105e-02 -7.11924840e-02]
 [ 2.21532590e-02  9.75585892e-03  5.77570039e-02 -8.96661218e-02]
 [ 2.51477689e-02 -7.38552960e-02 -7.30621739e-02  1.21769701e-01]
 [-8.65849114e-03 -3.51786611e-02 -1.46320800e-01  1.90157953e-01]
 [-3.83337906e-03  8.98300122e-02  5.95964276e-03 -9.19562759e-02]
 [-5.06861762e-04  1.21619292e-04  8.30353066e-02 -8.26500641e-02]
 [-2.13381416e-02 -1.84663331e-02  3.37658524e-03  3.64278895e-02]
 [-2.43281752e-02 -3.73560958e-02  2.22400889e-02  3.94441821e-02]
 [-1.69554266e-01 -2.90120876e-02  2.41558818e-01 -4.29924649e-02]
 [ 1.36459695e-01  6.72184972e-02 -1.85511247e-02 -1.85127068e-01]
 [ 5.93346562e-02  7.27409897e-02 -1.17848530e-01 -1.42271155e-02]
 [ 3.62374868e-01  2.50736624e-01 -4.83650787e-01 -1.29460706e-01]
 [-9.46231494e-02 -1.14732568e-01 -8.47776512e-02  2.94133369e-01]
 [-1.00510633e-01 -1.58930492e-01 -5.05508383e-02  3.09991963e-01]]

 lambda = 0.1

 Train set accuracy:
Degree 2 - 0.811070548378984
Test set accuracy:
Degree 2 - 0.8109777617485581
Train set last loss:
Degree 2 - 0.6139600994249242
Test set last loss:
Degree 2 - 0.6149825896203885
Weights
[[ 1.00110720e-02 -1.10530622e-02 -5.45293666e-02  5.55713567e-02]
 [ 1.35082437e-02 -1.72994931e-02 -1.07952538e-01  1.11743788e-01]
 [-6.28591356e-03 -1.94326524e-03 -4.35024785e-02  5.17316573e-02]
 [ 1.82456559e-01  1.07963139e-01 -1.82924974e-01 -1.07494725e-01]
 [-7.35993446e-02  5.03500026e-02  6.78953376e-02 -4.46459957e-02]
 [-5.22194741e-02 -6.67802946e-02 -1.70496124e-01  2.89495893e-01]
 [ 2.94686008e-02 -2.92772407e-04 -1.90669248e-03 -2.72691359e-02]
 [ 5.99764100e-04 -3.57582314e-04  3.45494326e-03 -3.69712505e-03]
 [-1.72155493e-03 -2.43346277e-04  6.60620644e-03 -4.64130523e-03]
 [-9.17532606e-03 -5.80129055e-03  9.29313874e-03  5.68347787e-03]
 [-5.35636104e-03 -6.41480880e-03 -2.06913470e-02  3.24625168e-02]
 [ 1.02971224e-02 -1.11017033e-02 -4.91789277e-02  4.99835085e-02]
 [-4.77222997e-03  3.67074431e-03  3.55031325e-02 -3.44016469e-02]
 [-6.97611604e-03  1.75401780e-02  2.34520238e-02 -3.40160857e-02]
 [ 2.39158199e-02  4.97404216e-03  5.19704349e-03 -3.40869055e-02]
 [ 1.03238603e-02 -1.37877539e-02 -7.20460055e-02  7.55098992e-02]
 [-5.55094929e-03 -9.25981080e-03 -6.73164769e-02  8.21272370e-02]
 [-2.94774737e-03  2.13893277e-02  1.76118467e-03 -2.02027650e-02]
 [-1.92302932e-03  1.50973725e-04  1.44005398e-02 -1.26284842e-02]
 [-9.30989372e-04 -1.03899820e-02 -1.51170517e-02  2.64380231e-02]
 [-7.45088543e-03 -8.76097556e-03 -1.19393566e-02  2.81512176e-02]
 [ 1.36484966e-02  3.43675720e-02 -1.27280573e-02 -3.52880114e-02]
 [ 7.20108734e-02  5.75339108e-02 -6.54753774e-02 -6.40694068e-02]
 [ 1.69912849e-02  1.62463626e-02 -4.00741381e-02  6.83649065e-03]
 [ 9.01128550e-02  1.24422721e-01 -1.67977508e-01 -4.65580675e-02]
 [-5.58960659e-02 -5.86951588e-02 -1.08214326e-01  2.22805551e-01]
 [-5.34478738e-02 -6.69129707e-02 -1.39241740e-01  2.59602585e-01]]
[[ 6.74434905e-03 -7.36049527e-03 -5.30661223e-02  5.36822686e-02]
 [ 1.42279391e-02 -2.05248863e-02 -9.98857736e-02  1.06182721e-01]
 [-8.04247494e-03  1.22402525e-03 -4.86972031e-02  5.55156528e-02]
 [ 1.79884019e-01  1.09025717e-01 -1.82234561e-01 -1.06675174e-01]
 [-6.35887887e-02  4.66471343e-02  6.20555209e-02 -4.51138664e-02]
 [-5.23950242e-02 -6.63339985e-02 -1.71411615e-01  2.90140638e-01]
 [ 2.81760038e-02  2.67936598e-03 -1.39326521e-03 -2.94621046e-02]
 [ 6.70892553e-04 -2.25652252e-04  3.44074303e-03 -3.88598333e-03]
 [-1.91962815e-03 -8.19305839e-04  6.63347200e-03 -3.89453801e-03]
 [-1.50505746e-02 -9.54688785e-03  1.62533887e-02  8.34407371e-03]
 [-5.63197400e-03 -1.79482363e-03 -1.73910782e-02  2.48178758e-02]
 [ 7.27194539e-03 -7.27849553e-03 -4.78120305e-02  4.78185807e-02]
 [-2.28859610e-03  2.83496917e-03  4.85423083e-02 -4.90886813e-02]
 [-1.11447432e-02  1.70185794e-02  2.34716697e-02 -2.93455058e-02]
 [ 1.79897857e-02  1.16738373e-03  8.49259913e-03 -2.76497686e-02]
 [ 1.22865537e-02 -1.67019438e-02 -6.10210840e-02  6.54364741e-02]
 [-5.84765012e-03 -9.05457989e-03 -7.25718039e-02  8.74740339e-02]
 [-2.69788724e-03  2.14336617e-02  1.68598002e-03 -2.04217545e-02]
 [ 3.62577414e-03  1.40087118e-03  1.00015246e-02 -1.50281699e-02]
 [-2.75779176e-04 -2.36285719e-03 -2.82754832e-02  3.09141195e-02]
 [-8.08121978e-03 -9.65606586e-03 -1.15752578e-02  2.93125435e-02]
 [ 1.57853223e-02  3.80899774e-02 -1.95525528e-02 -3.43227469e-02]
 [ 7.22920064e-02  6.12063689e-02 -6.97900864e-02 -6.37082889e-02]
 [ 1.05177135e-02  1.66409995e-02 -2.92936762e-02  2.13496319e-03]
 [ 9.37111534e-02  1.15647082e-01 -1.61802707e-01 -4.75555280e-02]
 [-5.67723827e-02 -5.78840993e-02 -1.06726509e-01  2.21382991e-01]
 [-5.34539727e-02 -6.63420402e-02 -1.38997812e-01  2.58793825e-01]]
[[ 0.0075293  -0.00741739 -0.05262295  0.05251104]
 [ 0.01434822 -0.02130141 -0.09953113  0.10648432]
 [-0.0086401  -0.00088732 -0.04475389  0.0542813 ]
 [ 0.17992294  0.11016113 -0.18350465 -0.10657942]
 [-0.06830817  0.04848037  0.06387969 -0.04405188]
 [-0.05228458 -0.06737172 -0.16952115  0.28917745]
 [ 0.02796249  0.0027308  -0.00122863 -0.02946466]
 [-0.00066604 -0.00036673  0.00348654 -0.00245377]
 [-0.0017264  -0.00102714  0.00696758 -0.00421403]
 [-0.01438606 -0.00940433  0.01606233  0.00772806]
 [-0.0065238  -0.00190214 -0.01749348  0.02591943]
 [ 0.00849781 -0.00737968 -0.04747233  0.0463542 ]
 [ 0.00226513  0.00047773  0.04958612 -0.05232899]
 [-0.00400641  0.00330302  0.02583074 -0.02512734]
 [ 0.02159513  0.00135209  0.00875329 -0.03170051]
 [ 0.01059701 -0.02049055 -0.05140624  0.06129978]
 [-0.01147078 -0.00899214 -0.07131042  0.09177334]
 [-0.00250516  0.02126044  0.0020014  -0.02075668]
 [-0.000811    0.00396599  0.00834329 -0.01149828]
 [-0.00051942 -0.01295322 -0.02190997  0.03538261]
 [-0.00719852 -0.00900263 -0.01081971  0.02702087]
 [ 0.01881886  0.03495496 -0.01873188 -0.03504195]
 [ 0.07403836  0.05738343 -0.06706375 -0.06435804]
 [ 0.00918715  0.01679993 -0.02942753  0.00344044]
 [ 0.08851445  0.11998796 -0.16310306 -0.04539935]
 [-0.0561938  -0.05811692 -0.10636972  0.22068043]
 [-0.05278503 -0.06759571 -0.13711534  0.25749608]]
[[ 8.53513252e-03 -7.44560811e-03 -5.37566411e-02  5.26671167e-02]
 [ 1.50706060e-02 -1.87148922e-02 -1.01159256e-01  1.04803542e-01]
 [-6.83767206e-03 -1.03843443e-02 -4.49009204e-02  6.21229368e-02]
 [ 1.82136933e-01  1.09078666e-01 -1.84220182e-01 -1.06995416e-01]
 [-7.65350738e-02  5.20329345e-02  6.67302288e-02 -4.22280895e-02]
 [-5.10719626e-02 -6.76081231e-02 -1.69362384e-01  2.88042470e-01]
 [ 2.76458439e-02  2.67594368e-03 -1.45057531e-03 -2.88712123e-02]
 [ 9.12552922e-04 -2.36918296e-04  3.21435198e-03 -3.88998661e-03]
 [-1.54418502e-03 -5.48711448e-04  5.59727571e-03 -3.50437925e-03]
 [-1.13070064e-02 -6.55958074e-03  8.67504304e-03  9.19154409e-03]
 [-5.19601118e-03 -1.81280949e-03 -1.86694024e-02  2.56782231e-02]
 [ 8.98250439e-03 -7.38815490e-03 -4.81881835e-02  4.65938340e-02]
 [-3.30321799e-03  3.16250430e-03  4.97535338e-02 -4.96128202e-02]
 [-1.03395098e-02  1.50393837e-02  2.65373887e-02 -3.12372625e-02]
 [ 1.23412617e-02  5.96933759e-03  9.04581788e-03 -2.73564172e-02]
 [ 1.28699706e-02 -1.68669710e-02 -5.58408185e-02  5.98378188e-02]
 [-5.39086333e-03 -9.53894950e-03 -7.28709827e-02  8.78007955e-02]
 [-2.10465440e-03  4.05327875e-03  2.76115976e-03 -4.70978411e-03]
 [ 1.52480648e-03  4.73166765e-03  1.06984824e-02 -1.69549566e-02]
 [-2.91146314e-03 -3.20927141e-03 -2.26564065e-02  2.87771410e-02]
 [-7.51922717e-03 -8.89572664e-03 -1.38187208e-02  3.02336746e-02]
 [ 2.01536805e-02  3.31478987e-02 -1.73966501e-02 -3.59049292e-02]
 [ 7.25789652e-02  6.03969146e-02 -6.88187869e-02 -6.41570928e-02]
 [ 1.22642615e-02  1.70766946e-02 -3.38636606e-02  4.52270453e-03]
 [ 8.86779809e-02  1.23107129e-01 -1.64603993e-01 -4.71811169e-02]
 [-5.63087293e-02 -5.97532127e-02 -1.08942152e-01  2.25004094e-01]
 [-5.22964232e-02 -6.76531854e-02 -1.36736677e-01  2.56686285e-01]]
[[-5.81462700e-03 -7.03442160e-03 -5.19615655e-02  6.48106141e-02]
 [ 2.05539127e-02 -2.12559334e-02 -1.17239550e-01  1.17941571e-01]
 [-6.75287191e-03  6.87696543e-04 -4.74348545e-02  5.35000299e-02]
 [ 1.78467621e-01  1.06811344e-01 -1.80824713e-01 -1.04454252e-01]
 [-6.25142624e-02  5.08843501e-02  5.88235755e-02 -4.71936632e-02]
 [-5.32565443e-02 -6.57212566e-02 -1.69385241e-01  2.88363041e-01]
 [ 1.11070074e-03  2.88492598e-03 -1.02225176e-03 -2.97337496e-03]
 [ 1.20973026e-03 -1.24725123e-04 -8.07718347e-04 -2.77286787e-04]
 [-1.74334626e-03 -6.37143958e-04  1.57215642e-03  8.08333802e-04]
 [-1.45535912e-02 -9.49880005e-03  1.63720385e-02  7.68035278e-03]
 [-5.19481532e-03 -1.64536369e-03 -1.76195961e-02  2.44597751e-02]
 [-5.86603931e-03 -6.91075613e-03 -4.63193555e-02  5.90961509e-02]
 [ 1.82719084e-03  3.42787319e-03  2.58005862e-02 -3.10556502e-02]
 [-8.66148712e-03  1.72659295e-02  6.93975134e-03 -1.55441937e-02]
 [ 2.56066378e-02  5.39597035e-04  4.50715898e-03 -3.06533938e-02]
 [ 1.80031168e-02 -1.85843417e-02 -5.58049868e-02  5.63862117e-02]
 [-5.17213683e-03 -9.99334378e-03 -7.48996724e-02  9.00651530e-02]
 [-2.33651819e-03  2.17003750e-02  8.38755582e-04 -2.02026124e-02]
 [-2.39433940e-04  3.16049355e-03  1.27316230e-02 -1.56526826e-02]
 [-2.85815377e-03 -4.15419942e-03 -1.76497691e-02  2.46621223e-02]
 [-7.11017990e-03 -9.19794198e-03 -1.46278089e-02  3.09359308e-02]
 [ 1.38235558e-02  4.25731971e-02 -2.31840418e-02 -3.32127111e-02]
 [ 7.58283736e-02  5.85193814e-02 -7.17147065e-02 -6.26330485e-02]
 [ 1.21172535e-02  1.69341075e-02 -3.02651608e-02  1.21379974e-03]
 [ 9.22833449e-02  1.17396482e-01 -1.61029323e-01 -4.86505036e-02]
 [-5.49547293e-02 -5.68813002e-02 -1.11756261e-01  2.23592291e-01]
 [-5.44125959e-02 -6.60053737e-02 -1.36239642e-01  2.56657612e-01]]

lambda = 0.05

Train set accuracy:
Degree 2 - 0.8129267968101898
Test set accuracy:
Degree 2 - 0.8127889967022034
Train set last loss:
Degree 2 - 0.5975099108581076
Test set last loss:
Degree 2 - 0.5989248268615462
Weights
[[ 1.61651408e-02 -1.49059008e-02 -7.21603377e-02  7.09010976e-02]
 [ 1.54646778e-02 -3.43362616e-02 -1.46782315e-01  1.65653899e-01]
 [-1.27945157e-02 -8.34283227e-03 -6.93983830e-02  9.05357310e-02]
 [ 2.48125467e-01  1.46501616e-01 -2.40882126e-01 -1.53744957e-01]
 [-1.48003992e-01  4.08334478e-02  1.46102522e-01 -3.89319776e-02]
 [-6.53293003e-02 -9.18760816e-02 -1.74020294e-01  3.31225675e-01]
 [ 4.15353130e-02 -2.26578007e-06 -2.45334638e-03 -3.90797009e-02]
 [ 1.54826417e-03 -3.32698664e-03  7.82487753e-03 -6.04615505e-03]
 [-3.05989919e-03 -2.25950872e-03  1.34754480e-02 -8.15604011e-03]
 [-1.99710859e-02 -1.54784377e-02  2.10021638e-02  1.44473598e-02]
 [-6.31431149e-03 -8.37646391e-03 -2.59379922e-02  4.06287676e-02]
 [ 1.64209963e-02 -1.48581779e-02 -6.48301932e-02  6.32673748e-02]
 [-1.20087947e-02  5.44241712e-03  7.21604541e-02 -6.55940765e-02]
 [-1.35981595e-02  3.15097723e-02  4.50159561e-02 -6.29275690e-02]
 [ 2.54929479e-02  7.50963697e-03  2.45315164e-02 -5.75341013e-02]
 [ 1.15564523e-02 -2.41317500e-02 -1.00369454e-01  1.12944752e-01]
 [-7.79403708e-03 -1.60712198e-02 -8.91818900e-02  1.13047147e-01]
 [-3.04449972e-03  3.64075885e-02  2.54340862e-03 -3.59064974e-02]
 [-6.07048565e-03 -2.84103985e-04  3.27838794e-02 -2.64292898e-02]
 [-6.34005980e-03 -2.05871747e-02 -9.98921347e-03  3.69164480e-02]
 [-1.21483934e-02 -1.57594524e-02 -7.62504419e-03  3.55328900e-02]
 [-2.57885335e-02  2.37072151e-02  4.31260384e-02 -4.10447201e-02]
 [ 8.75443947e-02  5.97007585e-02 -5.64608706e-02 -9.07842826e-02]
 [ 3.02435101e-02  2.89410479e-02 -6.66362870e-02  7.45172893e-03]
 [ 1.51172217e-01  1.62606765e-01 -2.49719339e-01 -6.40596427e-02]
 [-7.31802320e-02 -7.93822589e-02 -9.63176191e-02  2.48880110e-01]
 [-6.82903406e-02 -9.29027217e-02 -1.23006449e-01  2.84199511e-01]]
[[ 0.01006103 -0.00762767 -0.06956564  0.06713228]
 [ 0.01849698 -0.03876508 -0.14277534  0.16304344]
 [-0.01618877 -0.00408848 -0.0750646   0.09534185]
 [ 0.24369466  0.14615884 -0.23787838 -0.15197512]
 [-0.13349211  0.03735665  0.13565689 -0.03952142]
 [-0.06534131 -0.09149956 -0.17613055  0.33297142]
 [ 0.03930781  0.00595464 -0.00121298 -0.04404947]
 [ 0.00191804 -0.00050087  0.00562083 -0.00703801]
 [-0.0028346  -0.00147941  0.01194606 -0.00763204]
 [-0.0264104  -0.01982375  0.02979218  0.01644197]
 [-0.00681328  0.0006069  -0.01983219  0.02603857]
 [ 0.01064601 -0.00744437 -0.06229808  0.05909644]
 [-0.0043809   0.00607218  0.07853528 -0.08022657]
 [-0.02004352  0.03244168  0.03920996 -0.05160811]
 [ 0.01671027  0.00219422  0.03006407 -0.04896855]
 [ 0.01406913 -0.02898897 -0.08027144  0.09519129]
 [-0.00851682 -0.01465362 -0.09937217  0.12254262]
 [-0.00266914  0.03570474  0.0037479  -0.0367835 ]
 [ 0.0043458  -0.00094299  0.02768878 -0.03109158]
 [-0.00546454 -0.00662423 -0.03108383  0.04317261]
 [-0.01269696 -0.01622868 -0.0065949   0.03552054]
 [-0.02062674  0.02863015  0.03076748 -0.03877088]
 [ 0.08741564  0.06521879 -0.06275582 -0.0898786 ]
 [ 0.02041501  0.02949853 -0.0489324  -0.00098114]
 [ 0.1524635   0.15186009 -0.23942873 -0.06489486]
 [-0.0748112  -0.07829154 -0.0938887   0.24699144]
 [-0.06803848 -0.09225939 -0.12312543  0.2834233 ]]
[[ 1.08606176e-02 -7.64668812e-03 -6.89063646e-02  6.56924351e-02]
 [ 1.85237340e-02 -3.96092882e-02 -1.43727903e-01  1.64813457e-01]
 [-1.66986439e-02 -6.63000205e-03 -6.92745987e-02  9.26032446e-02]
 [ 2.43229271e-01  1.49301665e-01 -2.40648147e-01 -1.51882788e-01]
 [-1.39658221e-01  3.93146002e-02  1.38209333e-01 -3.78657129e-02]
 [-6.54102494e-02 -9.31544841e-02 -1.73687854e-01  3.32252588e-01]
 [ 3.77824066e-02  6.06177786e-03 -9.98606551e-04 -4.28455780e-02]
 [-8.08858969e-04 -2.84571973e-04  7.29536889e-03 -6.20193795e-03]
 [-2.48745726e-03 -1.57903615e-03  1.35159622e-02 -9.44946882e-03]
 [-2.54016062e-02 -1.95715742e-02  3.08855096e-02  1.40876707e-02]
 [-8.52193615e-03  5.29319564e-04 -1.99706390e-02  2.79632555e-02]
 [ 1.22998368e-02 -7.55580648e-03 -6.18936105e-02  5.71495801e-02]
 [ 3.98200559e-03  1.66279911e-03  8.04433672e-02 -8.60881719e-02]
 [-5.39478668e-03  5.78105922e-03  4.45595504e-02 -4.49458230e-02]
 [ 2.26635867e-02  3.85304145e-03  3.02435202e-02 -5.67601484e-02]
 [ 1.21357524e-02 -3.78222830e-02 -6.20908602e-02  8.77773908e-02]
 [-1.93976612e-02 -1.41301548e-02 -9.61996710e-02  1.29727487e-01]
 [-2.03029169e-03  3.50620144e-02  3.67974580e-03 -3.67114685e-02]
 [-3.08811714e-03  4.68578529e-03  2.22047528e-02 -2.38024210e-02]
 [-5.76489538e-03 -2.38555648e-02 -2.01362960e-02  4.97567562e-02]
 [-1.11894363e-02 -1.48417731e-02 -6.52932045e-03  3.25605299e-02]
 [-1.66880875e-02  2.50347007e-02  3.19801486e-02 -4.03267618e-02]
 [ 8.91349770e-02  5.93754515e-02 -5.77056296e-02 -9.08047988e-02]
 [ 1.75091960e-02  2.92774716e-02 -4.78400306e-02  1.05336305e-03]
 [ 1.46541834e-01  1.56190008e-01 -2.41203398e-01 -6.15284443e-02]
 [-7.37043033e-02 -7.83072740e-02 -9.41321870e-02  2.46143764e-01]
 [-6.70449757e-02 -9.43549829e-02 -1.20409775e-01  2.81809734e-01]]
[[ 0.01266197 -0.00768349 -0.07097156  0.06599309]
 [ 0.02149264 -0.03583562 -0.14608871  0.1604317 ]
 [-0.01518362 -0.02148862 -0.06802733  0.10469957]
 [ 0.24675202  0.14740968 -0.24109769 -0.15306401]
 [-0.15169131  0.04363282  0.14330525 -0.03524676]
 [-0.0632859  -0.0933449  -0.17341605  0.33004685]
 [ 0.03718073  0.00598075 -0.00131546 -0.04184603]
 [ 0.00241819 -0.00081488  0.00634316 -0.00794648]
 [-0.00229475 -0.00130771  0.01134955 -0.00774708]
 [-0.02052006 -0.01554211  0.01921458  0.01684759]
 [-0.00597633  0.00069774 -0.02205288  0.02733147]
 [ 0.01314432 -0.00750081 -0.06333279  0.05768928]
 [-0.0059747   0.00611036  0.07940271 -0.07953837]
 [-0.02039327  0.02897887  0.04652303 -0.05510864]
 [ 0.00920752  0.00901989  0.02970228 -0.04792969]
 [ 0.0160644  -0.03026308 -0.07105967  0.08525835]
 [-0.00758433 -0.01563429 -0.09934793  0.12256655]
 [-0.00350067  0.0084818   0.0066968  -0.01167794]
 [-0.00095183  0.00504126  0.03117851 -0.03526794]
 [-0.00770431 -0.00950168 -0.02398642  0.04119242]
 [-0.0117828  -0.01487163 -0.00986567  0.0365201 ]
 [-0.01631553  0.02383632  0.03496166 -0.04248245]
 [ 0.08902074  0.06370418 -0.06181518 -0.09090974]
 [ 0.02213989  0.02958432 -0.0546913   0.00296709]
 [ 0.14909118  0.15974538 -0.24412205 -0.0647145 ]
 [-0.07387788 -0.08123368 -0.09764337  0.25275493]
 [-0.06622563 -0.0941814  -0.11994077  0.28034781]]
[[-4.92517605e-03 -7.16045628e-03 -6.81773616e-02  8.02629939e-02]
 [ 2.72083693e-02 -3.96933651e-02 -1.64021284e-01  1.76506280e-01]
 [-1.38326059e-02 -5.08124002e-03 -7.40979874e-02  9.30118333e-02]
 [ 2.41892217e-01  1.42079102e-01 -2.35621660e-01 -1.48349660e-01]
 [-1.32679291e-01  4.40833292e-02  1.31047912e-01 -4.24519506e-02]
 [-6.68236745e-02 -9.04939031e-02 -1.72824853e-01  3.30142430e-01]
 [ 2.71269578e-03  6.26964110e-03 -9.09283999e-04 -8.07305289e-03]
 [ 2.69861583e-03  1.73152992e-04 -2.87441483e-04 -2.58432734e-03]
 [-2.63545022e-03 -8.30683937e-04  3.14659507e-03  3.19539086e-04]
 [-2.63717377e-02 -1.99031650e-02  3.24503548e-02  1.38245478e-02]
 [-6.13237804e-03  8.21868027e-04 -2.00338346e-02  2.53443447e-02]
 [-5.08906605e-03 -6.90327275e-03 -6.04364818e-02  7.24288206e-02]
 [ 1.74361517e-04  7.41211358e-03  5.46200605e-02 -6.22065356e-02]
 [-1.78908656e-02  3.29316827e-02  1.55360920e-02 -3.05769091e-02]
 [ 2.66264557e-02  1.10772379e-03  2.38536957e-02 -5.15878752e-02]
 [ 2.16111595e-02 -3.25282389e-02 -6.91705749e-02  8.00876543e-02]
 [-7.20595663e-03 -1.61139968e-02 -1.01508663e-01  1.24828616e-01]
 [-2.64441346e-03  3.62284625e-02  2.53784073e-03 -3.61218897e-02]
 [-2.38947337e-03 -4.79918854e-04  3.31611004e-02 -3.02917082e-02]
 [-9.30851065e-03 -9.54028649e-03 -1.46330893e-02  3.34818864e-02]
 [-1.10611164e-02 -1.52896922e-02 -1.15149852e-02  3.78657939e-02]
 [-2.29341136e-02  3.71671457e-02  2.30345387e-02 -3.72675709e-02]
 [ 9.31800099e-02  6.06817932e-02 -6.60751341e-02 -8.77866690e-02]
 [ 2.23245981e-02  2.94983050e-02 -4.99380949e-02 -1.88480821e-03]
 [ 1.49801920e-01  1.54107270e-01 -2.38337192e-01 -6.55719973e-02]
 [-7.15515235e-02 -7.66550544e-02 -1.02155546e-01  2.50362124e-01]
 [-6.96822958e-02 -9.18160878e-02 -1.18780121e-01  2.80278505e-01]]