Times:
[10.174944400787354, 10.005236864089966, 10.014246940612793, 10.022704362869263, 10.081717252731323]
Train set accuracy:
[0.8185938489689634, 0.8178196917446688, 0.816949581960983, 0.8182585930242379, 0.8183711961264533]
Avg train score: 0.8179985823650613
Test set accuracy:
[0.8147168111699133, 0.8180385091768945, 0.8210686335228872, 0.8176341422217217, 0.817408929677383]
Avg test score: 0.8177734051537598
No. 1
······ Clasification Report ······
              precision    recall  f1-score   support

           0       0.50      0.23      0.32       663
           1       0.44      0.05      0.10       561
           2       0.85      0.92      0.88     12813
           3       0.72      0.66      0.69      3725

    accuracy                           0.81     17762
   macro avg       0.63      0.47      0.50     17762
weighted avg       0.79      0.81      0.80     17762

······ Confusion Matrix  ······
[[  154    11   460    38]
 [  105    30   418     8]
 [   41    23 11827   922]
 [    5     4  1256  2460]]
No. 2
······ Clasification Report ······
              precision    recall  f1-score   support

           0       0.51      0.20      0.28       663
           1       0.41      0.08      0.13       561
           2       0.85      0.93      0.89     12813
           3       0.73      0.66      0.70      3725

    accuracy                           0.82     17762
   macro avg       0.62      0.47      0.50     17762
weighted avg       0.80      0.82      0.80     17762

······ Confusion Matrix  ······
[[  131    36   462    34]
 [   80    43   431     7]
 [   46    21 11893   853]
 [    2     4  1256  2463]]
No. 3
······ Clasification Report ······
              precision    recall  f1-score   support

           0       0.55      0.21      0.30       662
           1       0.50      0.07      0.12       561
           2       0.85      0.93      0.89     12813
           3       0.74      0.67      0.70      3725

    accuracy                           0.82     17761
   macro avg       0.66      0.47      0.50     17761
weighted avg       0.80      0.82      0.80     17761

······ Confusion Matrix  ······
[[  138    21   475    28]
 [   73    38   442     8]
 [   40    17 11914   842]
 [    1     0  1231  2493]]
No. 4
······ Clasification Report ······
              precision    recall  f1-score   support

           0       0.52      0.20      0.29       662
           1       0.43      0.07      0.12       561
           2       0.84      0.93      0.89     12814
           3       0.74      0.65      0.69      3724

    accuracy                           0.82     17761
   macro avg       0.63      0.46      0.50     17761
weighted avg       0.80      0.82      0.80     17761

······ Confusion Matrix  ······
[[  131    25   472    34]
 [   69    39   441    12]
 [   47    24 11917   826]
 [    4     3  1282  2435]]
No. 5
······ Clasification Report ······
              precision    recall  f1-score   support

           0       0.51      0.21      0.30       663
           1       0.40      0.06      0.11       561
           2       0.85      0.93      0.88     12813
           3       0.73      0.66      0.70      3724

    accuracy                           0.82     17761
   macro avg       0.62      0.47      0.50     17761
weighted avg       0.80      0.82      0.80     17761

······ Confusion Matrix  ······
[[  139    23   473    28]
 [   79    35   438     9]
 [   53    26 11873   861]
 [    1     4  1248  2471]]