Times:
[10.198753833770752, 9.597673892974854, 9.937136173248291, 9.672588586807251, 9.733376264572144]
Train set accuracy:
[0.8191287212330213, 0.8179041452600464, 0.8172873912676294, 0.8183852715142302, 0.8184556484531149]
Avg train score: 0.8182322355456083
Test set accuracy:
[0.8145479112712533, 0.8176444094133544, 0.8212375429311413, 0.8180282641743145, 0.8176904453578064]
Avg test score: 0.8178297146295741
No. 1
······ Clasification Report ······
              precision    recall  f1-score   support

           0       0.50      0.23      0.31       663
           1       0.46      0.06      0.10       561
           2       0.85      0.92      0.88     12813
           3       0.72      0.66      0.69      3725

    accuracy                           0.81     17762
   macro avg       0.63      0.47      0.50     17762
weighted avg       0.79      0.81      0.80     17762

······ Confusion Matrix  ······
[[  150    11   466    36]
 [  104    31   418     8]
 [   41    23 11840   909]
 [    5     3  1270  2447]]
No. 2
······ Clasification Report ······
              precision    recall  f1-score   support

           0       0.51      0.20      0.29       663
           1       0.43      0.08      0.13       561
           2       0.85      0.93      0.89     12813
           3       0.73      0.66      0.69      3725

    accuracy                           0.82     17762
   macro avg       0.63      0.47      0.50     17762
weighted avg       0.80      0.82      0.80     17762

······ Confusion Matrix  ······
[[  133    36   460    34]
 [   77    43   434     7]
 [   49    19 11885   860]
 [    3     2  1258  2462]]
No. 3
······ Clasification Report ······
              precision    recall  f1-score   support

           0       0.55      0.21      0.31       662
           1       0.52      0.07      0.12       561
           2       0.85      0.93      0.89     12813
           3       0.74      0.67      0.70      3725

    accuracy                           0.82     17761
   macro avg       0.67      0.47      0.50     17761
weighted avg       0.80      0.82      0.80     17761

······ Confusion Matrix  ······
[[  140    19   474    29]
 [   71    38   444     8]
 [   40    16 11921   836]
 [    2     0  1236  2487]]
No. 4
······ Clasification Report ······
              precision    recall  f1-score   support

           0       0.53      0.20      0.29       662
           1       0.42      0.07      0.12       561
           2       0.84      0.93      0.89     12814
           3       0.74      0.65      0.69      3724

    accuracy                           0.82     17761
   macro avg       0.63      0.46      0.50     17761
weighted avg       0.80      0.82      0.80     17761

······ Confusion Matrix  ······
[[  133    24   471    34]
 [   70    38   441    12]
 [   43    25 11924   822]
 [    3     4  1283  2434]]
No. 5
······ Clasification Report ······
              precision    recall  f1-score   support

           0       0.53      0.22      0.31       663
           1       0.42      0.07      0.12       561
           2       0.85      0.93      0.88     12813
           3       0.73      0.66      0.70      3724

    accuracy                           0.82     17761
   macro avg       0.63      0.47      0.50     17761
weighted avg       0.80      0.82      0.80     17761

······ Confusion Matrix  ······
[[  145    21   469    28]
 [   72    39   441     9]
 [   54    28 11865   866]
 [    1     4  1245  2474]]