Times:
[12.9212806224823, 12.626905679702759, 14.06369400024414, 26.88806962966919, 19.587591886520386]
Train set accuracy:
[0.8192976282637765, 0.8183967907664157, 0.8177237282887143, 0.818835683923092, 0.8188779100864229]
Avg train score: 0.8186263482656843
Test set accuracy:
[0.8149420110347934, 0.8191082085350749, 0.8216879680198187, 0.8177467484938911, 0.8178593547660604]
Avg test score: 0.8182688581699278
No. 1
······ Clasification Report ······
              precision    recall  f1-score   support

           0       0.47      0.26      0.34       663
           1       0.42      0.05      0.08       561
           2       0.85      0.92      0.88     12813
           3       0.72      0.66      0.69      3725

    accuracy                           0.81     17762
   macro avg       0.62      0.47      0.50     17762
weighted avg       0.79      0.81      0.80     17762

······ Confusion Matrix  ······
[[  172    10   443    38]
 [  124    26   403     8]
 [   60    22 11821   910]
 [    7     4  1258  2456]]
No. 2
······ Clasification Report ······
              precision    recall  f1-score   support

           0       0.52      0.24      0.33       663
           1       0.44      0.08      0.14       561
           2       0.85      0.93      0.89     12813
           3       0.73      0.66      0.69      3725

    accuracy                           0.82     17762
   macro avg       0.64      0.48      0.51     17762
weighted avg       0.80      0.82      0.80     17762

······ Confusion Matrix  ······
[[  158    34   436    35]
 [   88    47   417     9]
 [   53    20 11887   853]
 [    4     5  1259  2457]]
No. 3
······ Clasification Report ······
              precision    recall  f1-score   support

           0       0.55      0.24      0.34       662
           1       0.56      0.07      0.13       561
           2       0.85      0.93      0.89     12813
           3       0.74      0.67      0.70      3725

    accuracy                           0.82     17761
   macro avg       0.67      0.48      0.51     17761
weighted avg       0.81      0.82      0.80     17761

······ Confusion Matrix  ······
[[  161    16   456    29]
 [   83    40   430     8]
 [   49    16 11904   844]
 [    2     0  1234  2489]]
No. 4
······ Clasification Report ······
              precision    recall  f1-score   support

           0       0.51      0.23      0.32       662
           1       0.40      0.06      0.10       561
           2       0.85      0.93      0.89     12814
           3       0.73      0.65      0.69      3724

    accuracy                           0.82     17761
   macro avg       0.62      0.47      0.50     17761
weighted avg       0.80      0.82      0.80     17761

······ Confusion Matrix  ······
[[  152    24   451    35]
 [   88    32   428    13]
 [   54    22 11901   837]
 [    4     3  1278  2439]]
No. 5
······ Clasification Report ······
              precision    recall  f1-score   support

           0       0.51      0.24      0.32       663
           1       0.40      0.06      0.11       561
           2       0.85      0.93      0.89     12813
           3       0.73      0.66      0.70      3724

    accuracy                           0.82     17761
   macro avg       0.62      0.47      0.50     17761
weighted avg       0.80      0.82      0.80     17761

······ Confusion Matrix  ······
[[  156    22   455    30]
 [   86    34   431    10]
 [   59    26 11862   866]
 [    2     4  1244  2474]]