Times:
[10.8153977394104, 9.96193265914917, 9.50217080116272, 9.74056601524353, 9.634289264678955]
Train set accuracy:
[0.8193257794355691, 0.8182701104933493, 0.8177518790642683, 0.818863834698646, 0.8187653069842075]
Avg train score: 0.8185953821352081
Test set accuracy:
[0.8149420110347934, 0.8192208084675149, 0.8216316648837341, 0.8178030516299758, 0.8179156579021452]
Avg test score: 0.8183026387836326
No. 1
······ Clasification Report ······
              precision    recall  f1-score   support

           0       0.47      0.26      0.34       663
           1       0.42      0.05      0.08       561
           2       0.85      0.92      0.88     12813
           3       0.72      0.66      0.69      3725

    accuracy                           0.81     17762
   macro avg       0.62      0.47      0.50     17762
weighted avg       0.79      0.81      0.80     17762

······ Confusion Matrix  ······
[[  172    10   443    38]
 [  124    26   403     8]
 [   60    22 11821   910]
 [    7     4  1258  2456]]
No. 2
······ Clasification Report ······
              precision    recall  f1-score   support

           0       0.52      0.25      0.34       663
           1       0.47      0.07      0.12       561
           2       0.85      0.93      0.89     12813
           3       0.73      0.66      0.69      3725

    accuracy                           0.82     17762
   macro avg       0.64      0.48      0.51     17762
weighted avg       0.80      0.82      0.80     17762

······ Confusion Matrix  ······
[[  167    25   436    35]
 [   95    40   417     9]
 [   57    16 11887   853]
 [    4     5  1259  2457]]
No. 3
······ Clasification Report ······
              precision    recall  f1-score   support

           0       0.54      0.24      0.33       662
           1       0.55      0.07      0.13       561
           2       0.85      0.93      0.89     12813
           3       0.74      0.67      0.70      3725

    accuracy                           0.82     17761
   macro avg       0.67      0.48      0.51     17761
weighted avg       0.81      0.82      0.80     17761

······ Confusion Matrix  ······
[[  159    17   457    29]
 [   82    41   430     8]
 [   49    16 11904   844]
 [    2     0  1234  2489]]
No. 4
······ Clasification Report ······
              precision    recall  f1-score   support

           0       0.51      0.23      0.32       662
           1       0.40      0.06      0.11       561
           2       0.85      0.93      0.89     12814
           3       0.73      0.65      0.69      3724

    accuracy                           0.82     17761
   macro avg       0.62      0.47      0.50     17761
weighted avg       0.80      0.82      0.80     17761

······ Confusion Matrix  ······
[[  151    25   451    35]
 [   86    34   428    13]
 [   54    22 11901   837]
 [    4     3  1278  2439]]
No. 5
······ Clasification Report ······
              precision    recall  f1-score   support

           0       0.52      0.24      0.32       663
           1       0.40      0.06      0.11       561
           2       0.85      0.93      0.89     12813
           3       0.73      0.66      0.70      3724

    accuracy                           0.82     17761
   macro avg       0.62      0.47      0.50     17761
weighted avg       0.80      0.82      0.80     17761

······ Confusion Matrix  ······
[[  157    21   455    30]
 [   86    34   431    10]
 [   59    26 11862   866]
 [    2     4  1244  2474]]