Times:

Degree 6 - 
105.94964551925659 109.95116639137268 109.2914228439331 108.43235659599304 109.23053741455078 


Train set losses:

Degree 6
1.1409068196563834
1.0283303632860834
0.9593032499792677
0.9127684793285289
0.879312521414126
0.8537777761630542
0.8332695848855423
0.8160320202240993
0.8009488557139066
0.7873932027832413
0.7749969599463598
0.7634074036515262
0.7525259753796614
0.7422963995058078
0.7326500700088854
0.7234943579406898
0.7148807257342427
0.7067964001098755
0.6991860415825754
0.6920319695388872
0.6853495552620492
0.6790955440130844
0.6732329050187568
0.6677820149118391
0.6626665665691994
0.6578804054226569
0.6533869194497854
0.6491915864380732
0.6452615937515838
0.6415716342949291
0.6380815783887966
0.6348121401860527
0.6317367033270156
0.6288356756731526
0.6261003040436484
0.6235293312199613
0.6210817967252463
0.6187865817698246
0.6166066402458295
0.6145499724870916
0.6125787891647997
0.610711615219878
0.6089413484603858
0.6072516364138878
0.6056349314177586
0.6040933453238372
0.6026231756262606
0.6012230568552882
0.5998868258975458
0.5986137396214141
0.5973956420548754
0.5962281373707807
0.5951080174470277
0.5940378823560499
0.593016856715533
0.5920337764363388
0.5910875906396088
0.5901760680344441
0.5893047333686574
0.5884632722910427
0.5876577840238327
0.5868883166964604
0.586135321385461
0.5854136435867904
0.5847210284782631
0.5840528206509333
0.5834038249090276
0.5827734651539636
0.5821642466833428
0.581572806724336
0.5810023284583422
0.5804466885884627
0.5799105876435069
0.5793867354463844
0.5788793548526472
0.5783823010442891
0.5779023447279512
0.5774333390247632
0.5769779206061756
0.5765334346735417
0.576101566657639
0.5756798407995718
0.5752732852383755
0.5748828624073176
0.5744864968268091
0.5741013291034753
0.5737293589065999
0.5733641679427557
0.5730061664649574
0.5726562039579367
0.5723122542096185
0.5719760620770442
0.5716525507351589
0.5713254967236346
0.5710082516664906
0.5706980798275391
0.5703933876724985
0.5700980161597369
0.5698023434537116
0.5695154178931915
0.5692316789123929
0.5689541044821853
0.5686831196726059
0.5684171800606135
0.5681488868026677
0.5678944710203024
0.5676388220730635
0.5673871838673905
0.5671374927477801
0.5668930759180447
0.5666542697491747
0.5664170304610199
0.5661854806102725
0.5659587660386365
0.5657367964650156
0.5655145069493528
0.5652953271044321
0.5650817570883021
0.564870951748558
0.5646629476324005
0.5644579218598659
0.5642577798972136
0.5640604159984755
0.563862846409715
0.5636691178821588
0.5634773916842197
0.5632898542720697
0.5631051713416941
0.5629205751027677
0.5627398236461584
0.5625616209945468
0.5623847408281588
0.5622102314218355
0.5620379185603769
0.5618668743902735
0.5617001227363961
0.5615327150237082
0.5613699727017891
0.5612069230423293
0.5610502334776986
0.5608907362055827
0.5607319137405166
0.5605766409313006
0.5604243235929595
0.5602727377778562
0.5601218440381313
0.5599743434248229
0.5598283173212976
0.5596854184646796
0.5595409700761801
0.5593994771973205
0.5592600375713523
0.5591209758530474
0.5589829041610146
0.5588477311273921
0.5587157409033983
0.5585829098737146
0.5584518657695253
0.5583207626752087
0.5581930362650585
0.5580643839976928
0.5579400715437742
0.5578160563040175
0.5576923623607306
0.5575715218955913
0.5574521146856533
0.5573325262341646
0.5572122421592833
0.5570964878467926
0.5569797960642695
0.5568672542068775
0.5567520668471233
0.5566386349892455
0.5565266957055969
0.5564171991134028
0.5563092503370569
0.5561999622995792
0.5560914917307052
0.5559849603883356
0.55587944286965
0.5557767738154263
0.5556709082763513
0.5555673717182577
0.5554672928080733
0.5553674595485458
0.5552678231802112
0.5551656972353911
0.5550706344469609
0.5549716640334628
0.5548720587584401
0.5547771218930505
0.5546814240765121
0.5545876697758741
0.5544938940321915
0.5544011437597062
0.5543088735767849
0.5542185335487776
0.55412626470243
0.5540374455722462
0.5539462055038721


Test set losses:

Degree 6
1.1415002800302445
1.0294173727210187
0.9606881024221993
0.91445623325285
0.8812121435717291
0.8560011963365163
0.835820638457515
0.8188501206049811
0.8039703410092928
0.7906433759439935
0.7783987636139096
0.7668822148366973
0.7561347784189376
0.7460285741541524
0.7364366300980416
0.7273694258922638
0.7188293078352579
0.7108029327557546
0.703229507409606
0.6961484670955393
0.6895037433960651
0.6833317918355067
0.6775509907696723
0.6721839982197759
0.6671605762656025
0.6624796216359298
0.658114458125298
0.6540588055482484
0.6502490039483733
0.6466899593664623
0.6433385195366813
0.6402013943673122
0.6372188371207574
0.6344100896536407
0.63175668413207
0.6292494209589381
0.6268679256247844
0.6246364270529279
0.6224927750321936
0.6204917259780529
0.6185739672090851
0.6167532876380205
0.6150254605170444
0.6133960258695608
0.6118229597000755
0.6103497646426146
0.6089366621110508
0.607575315169802
0.606255187189112
0.6049958463206495
0.6037758678716894
0.6026272765475924
0.601498970417899
0.6004279798005152
0.5994199069258233
0.59845080947061
0.5975167386570366
0.5965856437333743
0.5957216681373563
0.5948971003005971
0.5940998359836204
0.5932983733007302
0.5924950933749249
0.5917654850351246
0.5910417947958692
0.5903773449479033
0.5897125499924537
0.5890752453762377
0.5884633003555937
0.5878692997098247
0.5872978366479131
0.5867235138524143
0.5861586005959463
0.5856463499924164
0.5851640377918746
0.5846932994073306
0.5842307056677685
0.5837815917120965
0.5833677184352928
0.5829614566528015
0.5825422603065784
0.5821434818494321
0.5817702182611716
0.5814339018584762
0.5810524086968081
0.5807013654254558
0.5803600401507268
0.5800245815723354
0.5796880006047674
0.5793376009288357
0.5790337747203445
0.5787328832724268
0.5784392267466071
0.5781424101181638
0.5778602094728427
0.5775883105011663
0.5773099238889647
0.5770285033970625
0.5767760020601835
0.5765103889543617
0.5762434710144875
0.5759955744209441
0.5757329368883654
0.5754783568148268
0.575240535215063
0.5750232717016807
0.5747672248670631
0.5745397997636388
0.5743147834538156
0.574079969542376
0.5738564789033446
0.5736438696221451
0.5734299884895993
0.5732084024007129
0.5730015148813822
0.5728059846046097
0.5725901032521837
0.5723888808689256
0.572193410259823
0.5719856550969221
0.5717921132553835
0.57158739254491
0.5713947896780833
0.5712081923020916
0.571019285487376
0.5708309719828772
0.5706520253788012
0.570465532895914
0.5702913584852087
0.5701154791553141
0.5699373052681083
0.5697543050184117
0.5695938936765605
0.5694225576179027
0.5692453450964716
0.5690840255014836
0.5689122324746956
0.5687573980825821
0.5686014800158663
0.5684248601848447
0.5682788028054515
0.5681379676355374
0.5679852939656418
0.5678298023577251
0.5676896237487359
0.5675290624615641
0.5674019583172244
0.5672571936092348
0.5671097347346855
0.5669681708310886
0.5668387451152868
0.5667059290291568
0.5665672719849771
0.5664275982722481
0.5662908504701062
0.5661702886414265
0.5660393439954718
0.5659228371190521
0.565800799577352
0.5656904391945436
0.5655478607140484
0.565417348677058
0.5652820706896661
0.5651803841873073
0.5650650592330907
0.5649548590426998
0.5648432159418308
0.5647111869496637
0.5646063465345971
0.5645073863279985
0.5644056828729894
0.5643033812586259
0.5641833108762622
0.5640939227401678
0.5639711605652716
0.5638675797021071
0.5637783548563383
0.5636683975257931
0.5635882195664952
0.563467526355905
0.5633684631274042
0.5632637585780673
0.5631706149928062
0.5630866036437733
0.5629857847302479
0.562881704475604
0.5627880056891605
0.5627113589398851
0.5626037481996468
0.5625258546610216
0.5624358812765167
0.5623481231238828
0.5622521564391076
0.562179036803881
0.5620843937928098
0.562004586929747
0.5619190675943744
0.561822650032327
0.5617312145663014
0.5616491901921059

Degree 6 - 0.8173846026702127
Test set accuracy:
Degree 6 - 0.8165914827116583