Times:

Degree 5 - 
82.11426997184753 54.61718130111694 46.465003967285156 51.14599967002869 63.89766311645508 


Train set losses:

Degree 5
1.1586514723836987
1.0438930344677595
0.9709415154774208
0.9203883964441948
0.8835386522946473
0.8553663083521039
0.8329108813043915
0.8143097489146907
0.7983579452214485
0.784299705676256
0.7716467168568788
0.7600475602828958
0.749298297802385
0.7392484261759533
0.729810080021924
0.7209285946587042
0.7125630629935547
0.7046919370901441
0.6972888355350164
0.6903375831171609
0.6838150354759602
0.6777039438526942
0.6719924496742044
0.6666409187817948
0.6616435425212673
0.6569644002476236
0.6525900130543849
0.6484947467543021
0.6446596098004905
0.6410605011752759
0.6376840442062075
0.6345028802095984
0.6315041953513854
0.6286821050661292
0.6260185754398607
0.6235051740838099
0.6211177807231817
0.6188601816364064
0.6167178456885367
0.6146761898279971
0.6127379873229529
0.6108991820747368
0.6091500478067509
0.6074880486361797
0.6059013930676647
0.6043870860772688
0.6029419043829861
0.6015660817724433
0.6002537060205151
0.5989975264566321
0.5978006089426832
0.5966584794778131
0.5955587339671748
0.5945052447635322
0.5934923035218368
0.5925155263067626
0.5915744213662089
0.5906709218074834
0.5898064332558484
0.5889730442786442
0.5881719319971169
0.5873998302516945
0.5866551337714119
0.5859383880728152
0.5852456520607721
0.5845738974713621
0.5839266795525095
0.5832999709128392
0.5826920145270283
0.5821019731213095
0.5815307129809067
0.5809749561884037
0.5804356898345683
0.5799136059167667
0.5794054564404544
0.5789132287292489
0.5784401238341043
0.5779719910452504
0.5775188101800814
0.5770781029462313
0.5766460261647202
0.5762262816273388
0.5758192436777139
0.5754172817186081
0.575027713822031
0.5746456439351623
0.574274983947751
0.5739108821233458
0.5735539436926675
0.5732103760616317
0.5728687644788824
0.5725328848067479
0.5722082322153792
0.5718891248114453
0.5715760091142645
0.5712720053190741
0.5709710731340046
0.5706759139458983
0.5703911715144251
0.570107119788948
0.56982754140887
0.5695542520813268
0.5692875444339492
0.569023726305149
0.5687659743364163
0.5685115546628323
0.5682628010212798
0.5680182585420563
0.5677758212259125
0.5675433458110168
0.5673085495134635
0.5670795718106054
0.5668530555034798
0.5666314926266353
0.5664131296548484
0.5661975985293564
0.5659861309072372
0.5657792490531541
0.5655736828467522
0.565371568589524
0.5651736042287745
0.5649791497384753
0.5647848431231676
0.5645928677548454
0.5644055854523142
0.5642219433238883
0.5640386920738123
0.5638576631985395
0.5636801865758412
0.563507065895281
0.5633342859249334
0.5631639692242221
0.5629951207663494
0.5628280055321991
0.56266566933975
0.5625026486789657
0.5623434640798308
0.5621846745392898
0.5620299153498743
0.5618752573895083
0.5617226866662042
0.5615725386948848
0.5614225651973369
0.5612750821840561
0.5611312318597463
0.5609862540034357
0.5608439637588387
0.5607026645626314
0.5605640374283212
0.5604243459466781
0.560288903746524
0.5601515597382488
0.5600189975467
0.5598855732742314
0.5597532448903949
0.5596231005644434
0.5594937596120003
0.5593662875814113
0.5592417936170788
0.5591175425379858
0.5589922773148857
0.5588679610102603
0.5587473925764335
0.5586262027338549
0.5585068981021968
0.5583896956847261
0.5582719628607802
0.5581562265962178
0.5580416402507924
0.5579276029708949
0.5578143995337557
0.5577030772158278
0.5575931760382671
0.5574817854868389
0.5573729069972875
0.557263737633197
0.5571578689749533
0.5570509675278775
0.5569456690878166
0.5568412922893411
0.5567377766942634
0.5566351346691839
0.5565327589590516
0.556430928705385
0.5563314644330462
0.5562310886339712
0.5561324232317485
0.5560340103005332
0.5559369471742478
0.5558403880855237
0.5557438966101842
0.5556491270202298
0.555554276271777
0.5554608165269206
0.555367440642302
0.5552774406737981
0.5551840945743576
0.5550918276801895
0.5550026973766423
0.5549130366919512


Test set losses:

Degree 5
1.1590370950346573
1.0446001494609187
0.971922649408002
0.9215643969524944
0.8848429797913806
0.8568064059756887
0.8345098562764065
0.8160845471296663
0.8003026601863988
0.7864355059626764
0.7739301732258671
0.7624878230082056
0.7518709708166771
0.7419658535749224
0.7326974529618262
0.7239580983548923
0.7157434689674435
0.7079830196772858
0.7006870042262374
0.6938363755625948
0.6873886460196277
0.681367509964154
0.6757290042992501
0.6704675799810317
0.6655629620221497
0.6609393691371883
0.6566538258265446
0.6526302567367591
0.6488467203001066
0.6453058576528851
0.6419911630687729
0.6388698575054221
0.6359303051059725
0.633187498637046
0.6306113222207962
0.6282002311340934
0.62590098041597
0.6237375216747131
0.6216881302924959
0.6197263371218901
0.6178657358694555
0.6160875869114224
0.6143894577676334
0.6127691409953873
0.6112196494510304
0.6097213674821205
0.6082915107486745
0.6069196759576932
0.6056091687069234
0.6043462623866613
0.6031340042786704
0.6019774984871111
0.6008561367806632
0.5997985174178797
0.5987612773128662
0.5977649908702645
0.5968065501248004
0.5958748384308635
0.5949967150548364
0.5941397391592831
0.5933214864488033
0.5925252100306443
0.5917615187529812
0.5910236099103695
0.590311972513046
0.5896121218035572
0.5889545660495783
0.5883160403840123
0.5876952503409466
0.5870963287306663
0.5865083201844742
0.5859443041448238
0.585405649867128
0.584887955073159
0.5843884301346206
0.5839075486964032
0.5834469814588585
0.5829853248384602
0.5825555170766659
0.5821413894124408
0.5817221059388408
0.5813120519771552
0.5809249571140946
0.5805469643146189
0.5801761497515947
0.5798103232635679
0.5794712736242469
0.5791252994477262
0.5787839176262441
0.578457797101816
0.5781447052254054
0.5778213320222209
0.5775086592987217
0.5772155621830743
0.5769204689073394
0.5766332696457879
0.5763581684555914
0.5760840804881828
0.575814062634226
0.5755492164392243
0.5752909380186468
0.5750419205756304
0.574785054962962
0.5745506853766038
0.5743211250261171
0.5740777088609333
0.5738631371305558
0.5736471902547307
0.5734179145730327
0.5732080338963219
0.5729929936967018
0.5727896892012363
0.5725849413151168
0.5723889273919871
0.572185497579224
0.5719823292653696
0.5718001804877579
0.5716156499277861
0.5714345075028833
0.571252855213526
0.5710763648177567
0.5708942228343292
0.570714781548039
0.5705385104498374
0.5703676891356424
0.5702038177040739
0.5700416232974761
0.5698804560923179
0.5697185509727806
0.5695611128126898
0.5694146983677479
0.5692587930907825
0.5691058815692986
0.5689506405244577
0.568809370953087
0.5686568956535063
0.5685078897128569
0.5683657645367781
0.5682160232592414
0.5680786316246105
0.5679390186136641
0.5678057925174398
0.567674315960662
0.5675458767053041
0.5674102099832539
0.56728395013745
0.567162311035257
0.5670279641344623
0.5669020380001275
0.5667865765570905
0.5666548546315731
0.5665378068836218
0.5664175695987753
0.5662994380814859
0.5661826246883774
0.5660715007952537
0.5659583757677448
0.5658534969593694
0.5657440980552982
0.5656301458684925
0.5655089255784252
0.5653960629885108
0.5652835588175503
0.5651737065082211
0.5650608644180592
0.5649538750588702
0.5648452123726767
0.5647385880628693
0.5646347255171641
0.5645267733546453
0.5644252799230947
0.5643177972256517
0.5642201942680812
0.564117389688983
0.5640087480448279
0.5639059503423377
0.5638097489161706
0.563714396031983
0.563620049427408
0.563521898973374
0.5634235057609616
0.5633261469395123
0.5632246983381389
0.5631343856347624
0.5630340475649941
0.5629349279305011
0.5628419642350504
0.5627495787902245
0.5626511948378592
0.5625636372612545
0.5624710745202949
0.5623781222074565
0.5622898086641149
0.5621980233780179
0.5621128981449438
0.5620260457885614
0.5619382806610732
0.5618530756003404
0.5617621299098762
0.5616731781728165

Train set accuracy:
Degree 5 - 0.8173171025647438
Test set accuracy:
Degree 5 - 0.8165914846101551