Times:

Degree 2 - 
11.833932399749756 11.70434021949768 11.711792945861816 11.737572431564331 11.652259349822998 


Train set losses:

Degree 2
1.348777831319859
1.3134597675452142
1.2802053528767834
1.2488862200372293
1.2193827953658132
1.1915830931149713
1.1653850872867462
1.1406822504764507
1.1173937049358738
1.095420461541185
1.0746829774772397
1.0551051537949756
1.0366087678905909
1.0191327569735933
1.0026052784848127
0.9869681797512406
0.9721645529258701
0.9581423908288412
0.9448557379259469
0.932257098305222
0.9203003574255249
0.9089501635868945
0.8981672040329937
0.8879144418687333
0.8781640189175928
0.8688817354449375
0.8600436413734889
0.8516211594975264
0.8435904896479075
0.8359292399853626
0.8286120753841286
0.821623393064557
0.8149430617798151
0.8085522087063565
0.8024357818331188
0.7965774877186924
0.7909637658006653
0.785579134437657
0.7804139671138082
0.7754537068925513
0.7706876083927187
0.7661078187539808
0.7617009437864157
0.7574601619654124
0.7533766715716035
0.7494442221690749
0.7456515002861772
0.7419922017487123
0.7384615941231584
0.7350504541715638
0.7317555865789652
0.7285692692609411
0.7254875971696356
0.7225046331972076
0.7196167604674315
0.7168190077779509
0.7141074717776847
0.7114785582984146
0.7089282971144961
0.7064527537508836
0.7040494415274712
0.7017141538962044
0.6994443392272418
0.6972371908316765
0.6950904490682915
0.6930012787911826
0.6909689375547003
0.6889889593588495
0.6870599719659638
0.6851808088403959
0.6833490006280727
0.6815623286683017
0.6798189876877541
0.6781184259666071
0.6764589913318808
0.6748372059571469
0.6732543516106679
0.6717075221981925
0.6701956895110216
0.6687180714939871
0.6672732654050092
0.6658606607755273
0.6644783567781074
0.6631256825084146
0.6618022486345722
0.6605064028342298
0.6592375733104634
0.6579949454877947
0.6567780184962695
0.6555856488291342
0.6544174035337252
0.6532723368193063
0.652149455615408
0.651048851678592
0.6499692140223245
0.64891128696892
0.6478731211215759
0.6468539510594465
0.6458545349701342
0.6448741023059413
0.6439113639804017
0.6429661046203463
0.6420383199805032
0.641127355125737
0.64023243095003
0.6393540108621025
0.6384909992986713
0.6376431518546151
0.6368101530193518
0.6359916762692764
0.6351873837225932
0.6343965962312423
0.6336195384949133
0.6328559127794587
0.6321048055832875
0.6313663368622876
0.6306403313150428
0.6299263889155572
0.629224082362996
0.6285334570598836
0.6278540514883328
0.627185526293696
0.6265272832944794
0.6258804327138132
0.6252436172054082
0.6246168651727849
0.6239998146525559
0.6233927528539787
0.6227949588468281
0.6222063459298873
0.6216267532526094
0.6210563783404044
0.6204941772992519
0.6199407812235818
0.6193954822011732
0.6188584563013093
0.6183294673564175
0.6178083357322077
0.6172948913989338
0.616789048434611
0.61629074453575
0.6157994395030504
0.6153152845939113
0.6148381428747741
0.6143676752281737
0.613903977472029
0.6134468581798435
0.6129961799105352
0.6125518712541795
0.6121137168135148
0.6116816362381261
0.6112553130926957
0.6108349070260479
0.6104200787138194
0.6100107985336523
0.609607398737585
0.6092091317643716
0.6088162165511012
0.608428616278515
0.6080460267714161
0.6076686375510256
0.6072959430814404
0.6069280631616737
0.6065649232291588
0.606206289176737
0.6058521568251385
0.6055025947741385
0.6051574883193078
0.6048167058562058
0.6044799784489381
0.604147396512499
0.6038189428452837
0.6034945025231928
0.6031739525565014
0.6028572796138979
0.6025443100124488
0.6022350089261405
0.6019294865058518
0.6016275726949086
0.6013291781532213
0.6010343579258159
0.600742804195978
0.6004544970477423
0.6001694466242264
0.5998875956757342
0.5996091075726596
0.5993336857871506
0.5990612591477982
0.5987918778483797
0.5985256862027535
0.5982622723513282
0.5980017608433748
0.5977440061964584
0.5974889945303955
0.5972366622720817
0.5969871312739276
0.5967401694485636
0.5964956816727219
0.5962539133600757
0.5960145235654682
0.595777607426896
0.5955431387524728
0.5953110679436534
0.5950813962332806
0.594853529311987
0.5946284948229884
0.5944056421145357
0.5941848074015461
0.5939662433038688
0.5937498068718543
0.5935355399331806
0.5933232812558981
0.5931130117409317
0.5929046961697786
0.5926984364685591
0.5924942548655996
0.5922918059545784
0.5920912624502315
0.5918924874320932
0.5916956380816158
0.5915005676190334
0.5913072311090595
0.5911156622945808
0.5909258255571854
0.5907376316945039
0.5905511284250647
0.5903663330590035
0.5901829825750058
0.5900012585921225
0.5898212618779984
0.5896427308270475
0.5894656813520167
0.5892901324931874
0.5891160935993556
0.5889435286537822
0.588772458105647
0.5886027030839468
0.5884344557915775
0.5882675390585584
0.5881020881083842
0.5879379069826164
0.5877751425057921
0.5876136809480078
0.5874535375286921
0.5872946369398182
0.5871370158831254
0.5869807243848744
0.5868255721301814
0.5866717152485872
0.5865192438505344
0.5863678216910732
0.5862175752935663
0.5860684265740081
0.5859205911024583
0.5857738362737356
0.5856282010310949
0.5854835785829267
0.5853400827324631
0.5851977217777697
0.5850564162459404
0.5849160544000738
0.584776924945859
0.5846387396492221
0.584501605073154
0.584365144406244
0.5842299955787519
0.5840956872296861
0.5839623543661893
0.5838300117940476
0.5836984336363755
0.5835678682062859
0.5834382627234055
0.5833095599457854
0.5831816816129288
0.5830546458880668
0.5829285239590194
0.5828032427536182
0.5826788584240751
0.5825552674524573
0.5824324703415577
0.5823104703605186
0.5821893198364926
0.5820689173348299
0.5819493075301562
0.5818304708692044
0.5817124045181817
0.581595095692029
0.5814785181233539
0.5813626830068518
0.5812475693276603
0.5811331714894
0.5810194855953756
0.5809064778852561
0.5807942988549252
0.5806827289260468
0.5805718328729579
0.580461579635274
0.5803520314804441
0.5802432573776958
0.5801350292003284
0.5800274155107508
0.5799203930948087
0.5798139034902261
0.5797081390077259
0.579603052404839
0.5794985754475921
0.5793947297023465
0.5792914377372179
0.5791886472468607
0.5790864437484983
0.5789849233540375
0.5788840240304196
0.5787837227711164
0.5786839633001662
0.5785847491056944
0.5784860804214191
0.5783879503092925
0.5782903484055766
0.5781933093261886
0.5780968312846972
0.5780008908756316
0.5779054429113921
0.5778105363617722
0.5777161556794501
0.5776222577956444
0.57752888173034
0.5774360142155689
0.577343654383126
0.5772517777932581
0.5771604892597788
0.5770696117239504
0.5769792183934037
0.5768892983624759
0.5767994907400542
0.5767105226842306
0.5766220720024496
0.5765340550338653
0.5764465862380904
0.576359564805568
0.5762730982450743
0.5761870334258693
0.5761014268644076
0.576016228932285
0.5759317307007805
0.575847533447836
0.5757636928716882
0.5756803174173171
0.5755974073278464
0.5755148622010593
0.5754327836093756
0.5753511555485701
0.5752699192668856
0.5751891094388102
0.5751087080631507
0.5750287601582587
0.5749492303881487
0.5748701374395163
0.5747913765085153
0.5747128954835092
0.5746349419621568
0.5745573376618301
0.5744801637382043
0.5744033189851351
0.5743268812314268
0.5742507444421754
0.5741750813473503
0.5740997279003751
0.574024788979428
0.5739501902741874
0.5738759709188113
0.573802074381816
0.5737285221954271
0.5736553789473999
0.5735825181450553
0.5735100047422982
0.5734378460246614
0.5733659980426147
0.5732944880484927
0.5732232822225515
0.5731524762033111
0.5730819540969527
0.5730117555652348
0.5729418662138023
0.572872250675184
0.5728029899805738
0.5727340886816773
0.5726654139271501
0.5725970760661439
0.5725290376810366
0.5724613258393305
0.5723939346169888
0.572326792586992
0.5722599841173603
0.5721934674838199
0.5721272431524845
0.572061357862118
0.5719957272029043
0.5719303538381297
0.5718652477378166
0.5718004999856956
0.5717360307927598
0.5716717568805343
0.5716078200718822
0.5715440880006419
0.5714806853102465
0.5714175906271212
0.5713547034708006
0.5712921461208927
0.5712297902064996
0.5711677415696964
0.5711059507448143
0.5710443761191641
0.5709830744903636
0.5709221061597989
0.5708613991551482
0.5708008697111586
0.5707405413607758
0.5706804902084764
0.5706207702324141
0.5705612250904275
0.5705019122332826
0.5704428481811977
0.5703840313322025
0.5703252481260209
0.5702669146826299
0.5702087826138709
0.5701509420477371
0.5700932871119038
0.5700359031114344
0.5699786990794486
0.5699217085547437
0.5698649402674703
0.5698084200134171
0.5697521171703921
0.5696959546796124
0.5696399875912108
0.5695843648778236
0.5695289514633993
0.5694737786496274
0.5694187588617046
0.5693639502852872
0.5693094061759815
0.569255030900709
0.569200858459526
0.5691469010957754
0.569093179157514
0.5690396357965404
0.568986293929465
0.5689331249950194
0.5688801954795115
0.5688274456151292
0.568774906797076
0.5687225805211893
0.5686703649772447
0.5686183846030124
0.568566596478487
0.5685150085517405
0.5684635684453005
0.5684123272370943
0.5683612902310512
0.568310421073301
0.5682597852806827
0.5682092833789434
0.5681589966802927
0.5681088418558655
0.5680589210411147
0.5680091789190881
0.5679595684439335
0.5679101292948314
0.5678609045602236
0.5678118570574309
0.56776295740571
0.5677142551236181
0.5676657258849465
0.5676173364608249
0.5675691157875776
0.5675210606908972
0.5674731991534723
0.5674254259889792
0.5673779735584313
0.5673305685285112
0.5672833085116382
0.5672362806785468
0.5671892868135264
0.567142547678581
0.5670959316673502
0.5670494710816186
0.5670031951023731
0.5669571133534035
0.5669111388896537
0.5668653341621527
0.5668196580847733
0.566774147969858
0.5667287531114973
0.566683558288336
0.5666385443851473
0.5665935904059418
0.5665488381508272
0.5665042134588951
0.5664597368641149


Test set losses:

Degree 2
1.3488242809749331
1.3135432595373515
1.2803224449582755
1.2490338190227583
1.2195607528403858
1.1917903766767028
1.1656215901517921
1.1409472547531128
1.1176869924967918
1.0957416952269114
1.0750321307054627
1.055481626837798
1.037012315986735
1.0195630237288864
1.0030617619779214
0.9874517883811148
0.9726747022256171
0.9586788319239071
0.9454183304908927
0.9328454846225256
0.9209144929643458
0.9095899870431514
0.8988335432739033
0.8886062841642808
0.8788809082151628
0.8696238710463231
0.8608108387040675
0.8524130784464636
0.8444068062924547
0.8367705650957372
0.8294784394622516
0.8225142111642976
0.8158579504237256
0.8094913425774619
0.8033993795459962
0.7975652886414959
0.7919755859327335
0.786614908398498
0.7814737853436731
0.7765369396811483
0.7717945935492146
0.7672383745051279
0.7628547882307372
0.7586369003406981
0.754576260890991
0.7506662691295265
0.746896189682807
0.7432595764845659
0.7397514337660901
0.7363625428783963
0.7330895286508865
0.7299251472876761
0.7268657758312866
0.7239044143768258
0.7210380021464112
0.7182612682847663
0.7155712438747652
0.7129633876304268
0.7104341435799834
0.7079790731256377
0.7055960098453943
0.7032812001645973
0.7010315217636749
0.6988443473514432
0.6967174731765206
0.6946480631868497
0.6926351936759365
0.6906748419498292
0.6887652018113776
0.6869049431484081
0.6850921096634967
0.6833240226971433
0.6815992866975533
0.6799173068856434
0.6782766601620185
0.6766729391191696
0.6751077009075404
0.6735782094041403
0.6720841803523242
0.670624696206674
0.669197299125769
0.6678016352305987
0.6664364054897679
0.6651007971930263
0.6637943439318738
0.6625147195713373
0.6612624883995418
0.6600364054301838
0.6588359835630222
0.6576599379844131
0.656507413122281
0.655378334101573
0.6542711724077972
0.6531861190819026
0.6521217838950074
0.6510781712185268
0.6500550939888725
0.6490509222979302
0.6480666877210692
0.6471012251899738
0.6461532559444694
0.6452229196517566
0.6443100201850135
0.6434138790281957
0.6425334645858392
0.6416696603985126
0.6408208543070848
0.6399873775618736
0.6391684535107967
0.6383640439254284
0.6375739797772652
0.6367972637250117
0.6360340078532685
0.6352843229539976
0.6345468822145716
0.6338223412793438
0.6331098839720164
0.6324097189880027
0.6317213727500631
0.6310442276605684
0.6303783983228207
0.6297231320570724
0.6290780473599004
0.6284443035191869
0.627820833875641
0.6272072249279349
0.626603236378337
0.6260090161573935
0.6254243595091751
0.6248489301684916
0.6242821388250628
0.6237246100196512
0.6231752438605909
0.6226347250834825
0.6221025489678473
0.6215782260569631
0.6210617628114136
0.620553254673381
0.6200523377037647
0.6195594472677027
0.619073701851344
0.6185951845904827
0.61812373288526
0.6176593130015812
0.6172012716005666
0.6167501997009507
0.6163057477734043
0.6158674384564616
0.6154360425471399
0.6150102873029814
0.614590898678558
0.6141774148577678
0.6137697555968271
0.6133676169432001
0.612970803599761
0.6125801911974603
0.6121943102716196
0.6118140525206092
0.6114391367573728
0.6110694303397366
0.6107044906291124
0.6103444350901305
0.6099894596962706
0.6096393500836133
0.6092931968942242
0.6089517067856682
0.6086145009856011
0.6082822458987638
0.6079541531964742
0.6076301304239381
0.6073104923121807
0.6069917985846793
0.6066769863432941
0.6063658802992509
0.6060587784622686
0.6057556785400885
0.6054554627181127
0.605159866286497
0.6048679112814245
0.6045792415426897
0.6042941627013181
0.6040125436585256
0.6037341789481548
0.6034588723262538
0.603186971473959
0.6029185582495131
0.6026532944494766
0.6023907571907391
0.6021314669899281
0.6018754583473271
0.6016223932289522
0.6013721056171153
0.6011243945004522
0.6008795055712849
0.6006375637548054
0.6003981129955128
0.6001616606160212
0.5999274728360452
0.5996958705041624
0.5994667110272424
0.5992404227352652
0.5990163205125568
0.5987945001676136
0.5985751368418752
0.5983578950471321
0.5981431497919092
0.5979307572237256
0.5977203641643954
0.5975122100618041
0.5973061065538314
0.5971023428358337
0.5969005431178476
0.5967006634730911
0.5965027606387623
0.5963071731691256
0.5961136220700478
0.5959217204743923
0.5957315057610726
0.595543473492574
0.5953572224745566
0.5951726362715803
0.5949898375928597
0.5948090809864512
0.5946297610180734
0.5944521247977592
0.5942760065227171
0.5941018075598343
0.5939292114018465
0.5937577123005437
0.5935884680119571
0.593420605523329
0.5932543030197038
0.5930891265085398
0.5929256571828874
0.5927632993127911
0.5926025297419016
0.592443192464731
0.5922852859015271
0.592128987806986
0.5919741850965414
0.5918208334231908
0.5916683312506683
0.5915173700360354
0.5913679508883524
0.5912192249146422
0.5910719986239872
0.5909258855179895
0.5907813033613989
0.5906378964862966
0.5904957114434085
0.5903543460056888
0.5902140104498194
0.5900751172786467
0.5899372245174865
0.5898000259646915
0.5896642636655172
0.5895289467318203
0.589395039678539
0.5892626730042925
0.5891309173967563
0.5890002545912436
0.5888698914619581
0.5887411424039273
0.5886137727593695
0.5884866536422724
0.5883609838962831
0.5882360857595642
0.5881123793305292
0.5879895824070902
0.5878671062182604
0.5877460387391608
0.5876259060780527
0.5875068629273829
0.5873883538090103
0.5872703317390924
0.5871536986871007
0.5870377632655905
0.586922783845506
0.5868084904483328
0.5866953747571385
0.5865827934862503
0.5864709350888198
0.5863598356873461
0.5862495809761026
0.5861401405744718
0.5860315694287155
0.5859236640967515
0.5858165727048199
0.5857103620012116
0.5856047232683093
0.5854995528097282
0.585394934279247
0.5852919235160096
0.5851891803718697
0.5850874073440728
0.5849863703623488
0.5848856853343086
0.5847856234839772
0.584686316965987
0.5845875372461048
0.5844896312460636
0.5843919580243512
0.5842953087379192
0.5841993163584857
0.584103834603364
0.5840091632799915
0.5839149524820015
0.5838216244988913
0.5837289674552111
0.5836375766565032
0.5835463666958004
0.5834553745327846
0.5833652132098227
0.5832751261550937
0.5831860928802606
0.5830973918115114
0.5830092037455313
0.582921794165706
0.5828349897276129
0.5827487026124525
0.5826628423909787
0.5825778640466072
0.5824935539546934
0.5824098883738584
0.5823270488208883
0.5822445771981051
0.5821624050539911
0.5820810921586727
0.582000225437177
0.5819206811356453
0.5818413123773294
0.5817623229118837
0.5816843681238307
0.581607467531457
0.5815305775102918
0.5814548116709164
0.5813796110823426
0.5813046027025438
0.5812305697467133
0.5811571227002588
0.5810843206086425
0.5810119710968562
0.5809406901284319
0.5808698082706815
0.5807994798996812
0.5807301186728171
0.5806612167928188
0.5805928160782574
0.5805251129989887
0.5804578976177119
0.5803910783219466
0.580324894812289
0.5802590878348707
0.5801935117021528
0.5801280281519176
0.5800630499942503
0.579998849218055
0.5799349838798511
0.5798744158000695
0.5798112487467411
0.5797485203169778
0.5796858622126138
0.5796240696340762
0.5795625448043398
0.5795015473046874
0.579440724934703
0.5793804711968172
0.5793200116234445
0.5792596312935215
0.5791999334322264
0.5791407321815072
0.5790809123271513
0.5790226294830092
0.5789646719178083
0.5789063598534236
0.5788484865210431
0.5787907440689446
0.5787332912939165
0.5786759838652313
0.5786189343878887
0.578562222239659
0.5785058910934279
0.578449850074602
0.578394113313921
0.5783384174777504
0.5782828851196631
0.5782275201233578
0.5781724342026232
0.5781176517064326
0.5780627089546416
0.5780083132979289
0.5779543254001511
0.5779007589683539
0.5778472136798923
0.5777936201859449
0.5777403384593589
0.5776873576221362
0.5776350557627621
0.5775829284856252
0.5775309303881484
0.5774787248322583
0.577427448935126
0.5773764520423251
0.5773252461375806
0.5772742724448994
0.5772233335003919
0.5771732216131188
0.5771231301595835
0.5770731834112903
0.5770233435175701
0.576973678867191
0.5769242023056522
0.5768753186980395
0.5768263505319721
0.5767776978182855
0.5767285571957415
0.5766801734035669
0.5766322077644122
0.5765841145552724
0.5765367288976251
0.576489136436658
0.5764421404593986
0.5763949133958396
0.5763492554544147
0.5763024732716704
0.5762563316230438
0.5762102121517476
0.576163795805491
0.5761178850957802
0.5760718086178087
0.5760265998766859
0.5759811871356021
0.5759367110495341
0.5758914375633537
0.57584786324805
0.5758042756249833
0.5757602004991864
0.5757161539961049
0.5756720107859732
0.5756284114922697
0.575584868287898
0.5755412986608983
0.5754981975441529
0.5754549289145612
0.5754114274239817
0.5753668710693589
0.5753179636406925
0.5752696982642587
0.575221889000793
0.575173613801771
0.575125739085383
0.5750777930446004
0.575030318625563
0.5749826092949117
0.5749360226095049
0.574889081268138
0.5748421978566378
0.5747958816901694
0.5747496452944179
0.5747028152876913
0.5746570015459949
0.5746108597182713
0.5745653285509943
0.5745197240063119
0.5744743821333133
0.5744291686993466
0.5743840080853803
0.5743389788153281
0.5742938957992557
0.5742496561704279
0.5742048560558247
0.5741607024040724
0.5741163649423984
0.5740722893384145
0.5740284141255609
0.5739850587409768
0.5739414151254922
0.5738986616569266
0.5738551701217339
0.5738122188120361
0.573769394556235
0.5737267793548436
0.5736842181629509
0.573642257240158
0.5735995545394739
0.5735574352180967
0.573515393561449
0.5734731528052517
0.5734312452434874
0.5733897095543595
0.5733484426991214
0.5733068208667041
0.5732649854855753
0.5732239642889096
0.5731829843217943
0.5731419114706137
0.5731009039469859
0.5730606061372893
0.5730199167528759
0.572979544462556

Train set accuracy:
Degree 2 - 0.8171406893668541
Test set accuracy:
Degree 2 - 0.8165334081214646