Times:

Degree 1 - 
46.94623255729675 47.07782292366028 47.59960865974426 46.73733568191528 46.608548641204834 


Train set losses:

Degree 1
1.2910700530101318
1.2068381832673947
1.1328524420449517
1.068203718141128
1.011941363178794
0.9631124822811028
0.9208054263346691
0.8841654540909849
0.8524218049540512
0.824888953226169
0.8009654752549842
0.7801365342328505
0.761954819792462
0.7460393204910739
0.732061199826628
0.7197502083030842
0.7088730412040518
0.699234041279471
0.6906599614724364
0.6830117283407324
0.6761681182299644
0.6700237375078814
0.664491592825588
0.6594961339454917
0.6549709257386624
0.6508629389658918
0.6471195023765043
0.6437001774402764
0.640569400311783
0.6376954316340212
0.6350501789843467
0.6326090604796714
0.6303522582580385
0.6282616789984244
0.6263193996650405
0.6245115124686078
0.6228250666112685
0.6212497481035786
0.6197754878148796
0.6183914267497904
0.6170913958767519
0.6158682867417266
0.6147152679944492
0.6136263152829242
0.6125963476674644
0.6116210530615924
0.6106937851483671
0.6098131739526503
0.6089759656975605
0.6081786494777626
0.6074182909286636
0.6066894601400243
0.6059910875992826
0.6053230224255197
0.6046829924880368
0.6040697363659187
0.6034825988037167
0.6029173079150235
0.6023737907037185
0.6018508743524975
0.6013474309911961
0.6008620373089504
0.6003934505320222
0.599940379778005
0.5995031969924286
0.599080644660626
0.5986721861145131
0.5982768235563352
0.5978941343380726
0.5975237451603386
0.5971647729703833
0.5968168173915106
0.5964792305170036
0.5961514739796665
0.5958314650727055
0.595519966487261
0.5952170683671066
0.5949228644123649
0.5946367050945908
0.5943583499972529
0.59408749287742
0.5938236848987424
0.5935671900346311
0.5933170464162918
0.5930735023308974
0.5928359119889364
0.5926044748287039
0.5923787305963414
0.5921586421927556
0.5919439323285731
0.5917347290413137
0.5915302277991963
0.591330688326529
0.5911357491465852
0.59094552426166
0.5907596962409738
0.5905781068927372
0.5904005819285307
0.5902271201068077
0.5900576160857856
0.5898920915573941
0.5897299981613433
0.5895714015693035
0.589416374256132
0.5892646124993731
0.5891162250911768
0.5889711181570918
0.588829039479067
0.5886898489174985
0.5885537251924831
0.5884204082118776
0.5882899192687057
0.5881620300179925
0.5880368072189202
0.5879140792416193
0.5877939021512424
0.5876761155228897
0.58756074927699
0.587447673253011
0.5873367764987311
0.5872282011099598
0.5871217322230227
0.5870172339226789
0.5869146793887631
0.5868141798624622
0.5867155627795357
0.5866188554050245
0.586523973977538
0.5864317452566081
0.5863400585773696
0.5862501030900809
0.5861617118918729
0.5860749121547197
0.5859894279946525
0.5859055182406501
0.58582314929657
0.5857422833823991
0.5856626578602476
0.5855842677795027
0.5855073168850546
0.5854316858470857
0.5853578139306099
0.5852848173073745
0.5852130273456072
0.5851424801063502
0.5850729542257029
0.5850045628635655
0.5849374431875904
0.5848713437324478
0.5848062884416658
0.5847422948156413
0.584679449551738
0.584617662109219
0.5845567729390976
0.584497003661631
0.5844381461193299
0.5843802101944338
0.5843231593546754
0.5842669862314777
0.5842117840641465
0.5841574230923483
0.5841038945886563
0.5840512075670121
0.5839993493490068
0.5839481987099483
0.5838979065346257
0.583848360452268
0.5837995546832603
0.5837514682731471
0.5837040836164803
0.5836573811356677
0.5836114766606834
0.5835662072640515
0.5835215937317229
0.5834775991546698
0.5834342422299912
0.5833914730155983
0.583349524647814
0.5833079635398626
0.5832670077471034
0.5832266791404326
0.5831868923977666
0.5831476669078179
0.5831089361141097
0.5830707733404941
0.5830331487671268
0.5829960036586296
0.5829593768732002
0.5829232703341725
0.5828875982759534
0.5828524353678413
0.5828176747390881
0.5827833582258106
0.5827494343215944
0.5827160335878638
0.5826831005674583
0.5826505330715278
0.582618402558494
0.5825865271754866
0.5825551252016454
0.5825240738337862
0.5824934324501347
0.5824631339192241
0.582433218440632
0.5824036419902328
0.582374450238518
0.5823456648799875
0.5823171105366161
0.5822889442390651
0.582261127089178
0.5822336800205685
0.5822065037304225
0.5821796632610006
0.5821530974730372
0.5821268121433754
0.5821008566394269
0.5820752141580372
0.5820498833966413
0.5820249866559326
0.5820002310819579
0.5819757161960976
0.5819514245781355
0.5819274319559293
0.5819037044805467
0.5818802130722251
0.58185699363349
0.5818340179072059
0.5818113084954228
0.5817888182744676
0.58176657790902
0.5817445817074878
0.5817228457316118
0.5817013439455087
0.5816799868499747
0.5816589161868592
0.5816380210122357
0.5816173439371017
0.5815968869549082
0.5815765942380875
0.5815564898842347
0.5815366465784235
0.58151696178091
0.5814974833718745
0.5814782840953655
0.5814591518801986
0.581440218040906
0.5814215008599796
0.5814029171306931
0.5813845264210051
0.5813662952804519
0.5813482491459623
0.5813304261248583
0.5813126958924602
0.581295108620709
0.5812776990819288
0.5812604785681089
0.5812433896296678
0.581226442040558
0.5812096655039799
0.5811930253030699
0.5811765202969169
0.5811602053941766
0.5811439751751569
0.581127892001689
0.5811119561038744
0.5810961722328469
0.5810804801088261
0.5810649536289056
0.5810495645733162
0.581034285765053
0.5810191198722345
0.5810041040618001
0.5809891685642334
0.5809743336045265
0.5809596572544758
0.5809450914932266
0.5809306206257532
0.5809162932820157
0.580902063759118
0.5808879569127203
0.5808739590030917
0.5808600559134974
0.5808462801466818
0.580832615543656
0.5808190688127601
0.5808056323559841
0.5807922837128583
0.580779033584481
0.5807658299903304
0.5807527823928647
0.5807398077252753
0.5807269092340345
0.5807141354859329
0.5807014404538325
0.5806888948762288
0.5806763885155359
0.580663972497993
0.5806517036143826
0.5806395031829036
0.580627297245884
0.5806152289682563
0.5806032304152027
0.5805913021711885
0.5805794849167923
0.5805677273332
0.5805560581273906
0.5805445057544762
0.5805334524375445
0.5805220472307373
0.5805107128130217
0.5804994559686389
0.5804882833559418
0.580477177346532
0.5804661279381798
0.5804551715600977
0.5804443040118459
0.580433497881284
0.580422726087662
0.5804120430279225
0.580401438260562
0.580390871552906
0.5803807653092339
0.5803703562224581
0.5803600212616923
0.5803497623795408
0.5803395594384166
0.5803293986910047
0.5803193223595341
0.580309310775605
0.5802993614927849
0.5802894453093487
0.5802795996182386
0.5802698121464782
0.5802600979678735
0.5802504340056823
0.5802405791333062
0.5802310283402099
0.580221519161813
0.5802121140457974
0.5802027230094083
0.5801933849098347
0.5801841292558992
0.5801749226972495
0.5801657513806825
0.5801566364371
0.5801475714170625
0.580138554494263
0.5801296106545437
0.580120707087694
0.5801118497046863
0.5801030345369871
0.5800944330024589
0.5800857135542273
0.5800770527016926
0.5800684392193145
0.5800598768599479
0.5800513616153461
0.5800428884451205
0.5800344839776839
0.5800261116118952
0.5800178015257507
0.5800095044200752
0.5800012412613526
0.5799930508788608
0.5799849004734078
0.5799768017601623
0.5799687466929572
0.5799607149510799
0.5799527446825179
0.5799447823325788
0.5799368877700687
0.5799290370469221
0.5799212052001306
0.5799134300622454
0.5799057206539457
0.5798980269318486
0.579890380079152
0.579882753981855
0.5798751810225207
0.5798676118753867
0.5798601189439687
0.5798526428506187
0.5798452082535402
0.579837787196454
0.5798304488522499
0.5798231261789815
0.5798158320596449
0.5798085520461119
0.5798013479997682
0.5797941533614497
0.5797870245296325
0.5797799119301146
0.5797728190073947
0.5797658032339286
0.5797588336694534
0.5797518752417792
0.5797449192595898
0.5797379919664649
0.5797311216552659
0.5797242700151134
0.5797174870728963
0.5797107012919547
0.5797039517316375
0.5796972478266589
0.5796905423652408
0.5796838841831986
0.579677295012839
0.5796706890471469
0.5796641155938591
0.5796576341024667
0.5796511341861511
0.5796446750028155
0.5796381941982277
0.5796317890372863
0.5796254670072589
0.5796190917670929
0.5796126776477207
0.5796063001846142
0.5795999344121111
0.5795935297248092
0.5795871913140178
0.5795807991552749
0.5795744604283679
0.5795681475566202
0.5795618827852838
0.5795556153999784
0.5795494040405446
0.5795431994535113
0.5795370186166054
0.5795308752827244
0.5795247442093608
0.5795186206302518
0.579512554529712
0.5795065101107901
0.5795005196707381
0.5794945033917556
0.5794885227667586
0.5794825737838999
0.5794766377513118
0.5794707549287307
0.5794648976726802
0.5794590496563031
0.5794532560753124
0.579447408312972
0.5794416131178994
0.5794358721702306
0.5794301255123939
0.5794244373638319
0.57941876781642
0.5794131133269782
0.5794074862566321
0.5794019067956144
0.5793963186064001
0.5793907608454
0.5793852333478524
0.5793797018577628
0.5793743748692073
0.5793688830739432
0.5793634349331824
0.5793579939126869
0.579352578587705
0.5793471633534371
0.5793418001237303
0.5793364699680176
0.579331122864717
0.5793257930778677
0.5793204799346616
0.5793152125584531
0.5793099786692391
0.579304768091889
0.5792995474146154
0.5792943334309946
0.5792891243118392
0.5792839813822497
0.5792788346420565
0.5792737114456037
0.5792686348034495
0.5792635532871079
0.5792585690496066
0.5792535186123107
0.5792484994599989
0.5792434950582785
0.5792385270870559
0.5792335672905364
0.5792286481739024
0.5792237225443949
0.5792188246976936
0.5792139055235397
0.5792090330416528
0.5792041395530437
0.5791993208499422
0.5791944740011082
0.5791896588557048
0.5791848935950162
0.5791801364171943
0.5791753605688719
0.5791706273560802
0.5791658881279338
0.579161143712058
0.5791564464351501


Test set losses:

Degree 1
1.29108058499649
1.2068576823100186
1.1328805193589522
1.068240175663225
1.01198608004539
0.9631654804563624
0.9208667411329717
0.8842349901823285
0.8524996647437085
0.8249752987046322
0.8010604016923869
0.7802400736596038
0.7620671246696469
0.7461605459567475
0.7321914214978551
0.7198892986707506
0.7090212117462161
0.6993913149532488
0.6908262441359654
0.6831870397447093
0.6763524172527051
0.6702171189140569
0.6646941571827573
0.6597077436106473
0.6551913742663837
0.6510906333799645
0.6473561647969381
0.6439456864385721
0.6408235226330536
0.6379581466501356
0.635321395632955
0.6328889025488065
0.6306404766051183
0.6285582105564399
0.6266243690489615
0.6248246326247486
0.6231464064879899
0.6215791227115672
0.6201130251928924
0.6187372079228598
0.6174452554928174
0.6162301740082592
0.6150852100851567
0.6140018748026903
0.6129720784075211
0.6119969192546408
0.6110716046849094
0.6101930885180767
0.6093579222270934
0.608562474969921
0.6078040716993578
0.607080379044733
0.6063886972703607
0.6057272354934617
0.6050937765347558
0.6044869954385746
0.6039101404453294
0.6033511427863091
0.6028139120055652
0.602297392456561
0.6018002561535217
0.6013216985350649
0.6008604887266016
0.6004147975596805
0.5999847593369754
0.5995662123021042
0.5991605879082303
0.5987679567615906
0.5983878810525449
0.598020143726837
0.5976638560405807
0.5973186357289965
0.5969838538972077
0.5966588970044004
0.5963435627992154
0.5960374621156255
0.5957400154499589
0.5954511617426472
0.5951702095850251
0.594897178790009
0.5946316231914899
0.5943729341607926
0.5941217066251474
0.5938767944862915
0.5936383297711556
0.5934057500072185
0.5931794294793719
0.5929587040989255
0.5927436169069578
0.592533902899075
0.5923298910566697
0.5921303683867275
0.5919357429827065
0.5917457112492313
0.5915603167064961
0.5913794325147196
0.5912026162073133
0.5910299020368627
0.5908612894731518
0.5906964494121519
0.5905356927499564
0.5903782405131712
0.5902244122953656
0.5900740316172598
0.5899267582229694
0.5897830537674272
0.5896425065399009
0.5895049347460081
0.5893702565854786
0.5892385743222042
0.5891097569695202
0.5889836295661192
0.5888600945790246
0.5887394026338955
0.588620964573809
0.5885051044537412
0.5883908436020057
0.5882780543256925
0.5881676519511904
0.5880581454300527
0.5879499781994733
0.5878438649129812
0.5877398378901793
0.5876376340830581
0.5875375831227779
0.5874392850566001
0.5873430663520864
0.5872485759537082
0.5871565189111094
0.5870657114000574
0.5869766680532317
0.5868892540878666
0.5868032866214314
0.586718894641568
0.5866362168889433
0.5865549602776707
0.5864751589141383
0.5863968385946153
0.5863200701111393
0.5862444817593299
0.5861702997976834
0.5860995339676802
0.5860279996930619
0.585957802543546
0.5858885610138399
0.5858206780855293
0.5857540102667639
0.5856884820744893
0.5856241874707995
0.5855611298218232
0.5854988959425248
0.5854377092766468
0.5853776495678564
0.585318602508458
0.585260429735297
0.5852033742914191
0.5851470311853169
0.5850915612566439
0.5850370054957922
0.584983380511088
0.5849307492373107
0.5848787911699325
0.5848278145757178
0.5847775713330575
0.5847281163529419
0.5846795023848947
0.5846317545571308
0.5845846424462816
0.5845383319659759
0.5844925455761464
0.5844475445042876
0.5844032417277717
0.584359644767666
0.5843168017095708
0.5842743991892703
0.5842326591447896
0.5841915520297565
0.5841511450336742
0.5841111757146396
0.5840719653753744
0.584033148481796
0.5839949766165381
0.583957335336005
0.5839202985678862
0.5838838188259808
0.5838477712533999
0.5838122286416659
0.5837771996506478
0.5837427657820549
0.5837088242553873
0.5836751810310529
0.5836418609618103
0.5836092327093587
0.5835768443218791
0.5835450499827284
0.5835136953752691
0.5834827988327904
0.5834522782392855
0.583422164021839
0.5833925045687826
0.5833630770726436
0.5833340099141954
0.5833054091644467
0.5832771071783096
0.5832492158603318
0.5832216280211407
0.583194518338096
0.5831677272952843
0.5831409938154387
0.5831148142751752
0.5830888886016864
0.5830633720797674
0.5830381152625544
0.5830132689657509
0.5829886338611907
0.582964286262305
0.5829402863122624
0.5829164677826867
0.582893134806788
0.5828699908639231
0.582847087260851
0.5828243992265303
0.5828019677100765
0.5827798340248223
0.5827579353633344
0.5827362976916545
0.5827148982604375
0.5826937187327421
0.5826729363689657
0.5826522492316967
0.5826317852173231
0.5826116155114871
0.5825916678019155
0.5825719741518439
0.5825525043903876
0.5825330997421154
0.5825138924976051
0.5824949900105078
0.5824762164414057
0.58245773051661
0.582439389212293
0.5824212071889574
0.5824032419142122
0.5823850908782657
0.5823675382872454
0.5823500281964776
0.5823328589113828
0.5823158038487957
0.58229891029611
0.5822820688118597
0.5822654664694643
0.5822492521186072
0.5822329548854246
0.5822168119551696
0.5822009049143168
0.5821851030635683
0.5821694390898831
0.582153938620332
0.5821386459955986
0.5821235623438004
0.5821084590076104
0.5820934785917639
0.5820788060748672
0.5820642145111748
0.5820496477043015
0.5820352247145063
0.582020870213483
0.5820067109971672
0.5819927320516175
0.5819788805125551
0.5819650667389483
0.5819514078908049
0.5819379771127307
0.5819244938865988
0.5819113076473221
0.5818982129219757
0.5818851454523143
0.5818721839029011
0.5818594745710395
0.5818467832499609
0.5818342311243313
0.5818216612417624
0.5818092910307973
0.5817972457785736
0.5817851306134942
0.5817730564948869
0.5817611401681716
0.5817491771075324
0.581737416719706
0.5817257176763919
0.5817140057833946
0.5817024539703757
0.5816910865602946
0.5816797689439904
0.5816686439019076
0.5816573714887383
0.5816463286803047
0.5816352241747962
0.5816242985802538
0.581613476517888
0.5816027247523324
0.5815920698478727
0.5815816559051433
0.5815711048557317
0.5815607270086725
0.5815502982511684
0.5815400738973125
0.581529911016865
0.5815198957135588
0.581509883418349
0.5814997896043949
0.5814899461859195
0.5814800668209116
0.5814703799651949
0.5814608033611923
0.5814511107527021
0.5814415529772367
0.5814320833780305
0.5814226168811525
0.5814131893186298
0.5814037779935841
0.5813950627449769
0.5813859573323665
0.5813769243910893
0.5813678365228964
0.5813588337658386
0.5813499347245855
0.5813409720377795
0.5813322538279178
0.5813235419411807
0.5813148846680468
0.5813062396447848
0.5812976698308994
0.5812890203880555
0.5812804075983169
0.5812725601718381
0.5812641047643777
0.5812557489659793
0.5812474462981504
0.5812392546870935
0.5812309909571965
0.5812228391591219
0.5812148402631554
0.581206810895107
0.581198867228131
0.5811909213160785
0.5811830594235055
0.5811752287439319
0.5811674788306689
0.5811598027321567
0.5811520920718316
0.5811446533380603
0.5811370593064498
0.5811295238073542
0.5811219986166876
0.5811146702256834
0.5811072798233932
0.5810999360317005
0.5810926866118413
0.5810853820840641
0.5810781320039199
0.581071071686497
0.5810639487153004
0.5810569044504896
0.5810497420141146
0.5810427045059855
0.5810357639439975
0.5810287388740106
0.5810218846923808
0.5810149172541781
0.5810080918646603
0.581001352963902
0.5809945386957726
0.5809877987397076
0.5809811352649414
0.580974529912124
0.5809679412900104
0.580961373791738
0.580954858700363
0.5809482786239413
0.5809417683975487
0.5809352822874616
0.5809288347808949
0.5809224185301826
0.5809161248998496
0.5809097562627394
0.580903434039833
0.5808972749481944
0.5808910491843622
0.5808848063639294
0.5808785866500121
0.5808725042671197
0.580866415698708
0.5808603930161498
0.5808542972682443
0.5808482514906562
0.5808423041843017
0.5808363383009759
0.5808305079380507
0.5808246777635155
0.5808189228368784
0.5808130923626119
0.5808073722273802
0.5808015273426473
0.5807956841929609
0.5807899555862674
0.5807843527527559
0.5807786627220846
0.5807730599979705
0.5807675029559858
0.5807618598930269
0.5807563457557896
0.5807507427768337
0.5807452498692539
0.5807398682956764
0.5807344150357142
0.5807289151003513
0.5807234456992532
0.5807179901191867
0.5807125695780122
0.5807071889828853
0.5807018216575843
0.5806965112208952
0.5806912446156011
0.580686030913636
0.5806806823046915
0.5806755094043037
0.5806702813009025
0.5806650827710477
0.5806599995603593
0.5806548335651724
0.5806496227645972
0.580644511408388
0.5806393664872604
0.5806342825530049
0.5806292451717178
0.5806242610159876
0.5806193519452304
0.5806142795340788
0.5806092407608233
0.5806044093656509
0.5805995956967979
0.5805946937328008
0.5805898347978641
0.5805849605003572
0.5805799771543404
0.580575171587672
0.5805704152844589
0.580565839783679
0.5805609622602903
0.5805563478603692
0.580551736817437
0.5805470354020068
0.580542198042348
0.580537596511931
0.5805330379847602
0.5805288600660289
0.5805242545745923
0.5805197097857667
0.580515140691672
0.58051058746678
0.5805060484284248
0.5805015734105565
0.5804969451841447
0.5804924022204017
0.5804879076557482
0.5804833670574592
0.5804790053507924
0.5804745288084674
0.5804702199311208
0.5804658723560017
0.5804615198517571
0.5804570291226592
0.5804526860951854
0.5804483741859194
0.580444175869596
0.5804399590590673
0.5804356655572905
0.5804314261595367
0.5804271719370468
0.5804229974435563
0.5804187776563794
0.5804144893467179
0.5804103027407989
0.5804061166920004
0.5804018689300896
0.5803976928449712
0.5803935103159196
0.580389391331862
0.58038512051213
0.5803810320034942
0.5803769639706728
0.5803728177396748
0.580368791224725
0.5803647162629221
0.5803606379293814
0.5803564786192105
0.5803524029309839
0.58034842377354
0.5803445103033856

Train set accuracy:
Degree 1 - 0.8141502318317251
Test set accuracy:
Degree 1 - 0.8141164952966354