Times:

Degree 2 - 
24.70536732673645 24.839425086975098 24.447906732559204 24.381258964538574 24.366698741912842 


Train set losses:

Degree 2
1.3133438237792012
1.248750004822452
1.1914779453989564
1.1406436052630242
1.09546287468639
1.0552400268893238
1.0193456014264524
0.987258297908658
0.9585199006367067
0.9327160159352887
0.909477667174752
0.8885196929798307
0.8695544934793121
0.8523665098232239
0.8367311361769779
0.8224864127235598
0.8094812979133037
0.7975670425821214
0.7866268527591243
0.7765570244692694
0.7672639315216726
0.7586710307304583
0.7507095537608125
0.7433106691657345
0.7364213944674521
0.729992388134377
0.7239782512862183
0.7183412506548337
0.7130505225607938
0.7080746462347812
0.7033828024123736
0.698948264544959
0.6947529897667859
0.6907800147396734
0.687009472054199
0.6834259348504019
0.6800171291581122
0.6767700890403117
0.6736720478213699
0.6707119942585613
0.6678857638460806
0.6651773869200072
0.662585685980081
0.660099087346002
0.6577116806486689
0.6554198503765998
0.6532159026490177
0.651095917293652
0.6490549810316779
0.6470902025622698
0.6451988280017232
0.6433769932818852
0.6416167006626846
0.6399176180850816
0.6382765316044618
0.6366927976035164
0.6351615997033584
0.6336795030386955
0.6322473902809996
0.6308618576891218
0.6295196034321576
0.628220467097543
0.6269626915220637
0.6257429899524136
0.6245609389074075
0.623415193726061
0.6223029498538402
0.6212239341010739
0.6201776852295904
0.6191608137855358
0.6181733346011234
0.6172138102061375
0.6162815832275799
0.6153756253257991
0.6144934026398413
0.6136347125029673
0.6128008643846524
0.6119886375037199
0.6111979730984627
0.6104271960807439
0.6096767402675618
0.608943968170677
0.6082313683931635
0.6075358767134341
0.6068574390635579
0.606195892132701
0.6055492836343556
0.6049184602512951
0.6043023457291491
0.6037009365320157
0.6031130427683035
0.6025383422288095
0.6019769438591425
0.6014282236719408
0.6008905381031028
0.6003647712471838
0.5998506315441676
0.5993466717503132
0.5988532019714963
0.5983701795520657
0.597896550418272
0.597433347063067
0.5969791878812554
0.5965336565164013
0.5960964864725791
0.5956679587258734
0.595247517139545
0.5948350140859099
0.5944298145744411
0.5940332777228402
0.5936429013969351
0.5932599329578875
0.5928837306265772
0.5925139955742493
0.5921505355927752
0.5917935326708958
0.5914422497842267
0.5910973528366762
0.5907576177796678
0.5904239198612116
0.59009536624273
0.5897720926678142
0.5894539201106225
0.5891407704431159
0.5888325800959866
0.5885292770051679
0.5882304325745918
0.587936467997649
0.5876467256399895
0.5873611830156499
0.5870797815941694
0.586802511449132
0.5865293548875649
0.5862597880091267
0.58599408713962
0.5857320275541384
0.5854737182211178
0.5852189454284304
0.584967769012678
0.5847200318338517
0.5844752980905497
0.5842338390000059
0.5839955200500746
0.5837601339789391
0.5835289619862518
0.5832993383829072
0.5830726077857202
0.5828490050426733
0.5826282790996393
0.5824100650801534
0.5821944828891122
0.5819815891562553
0.5817710643890819
0.5815632005617035
0.581357728815762
0.5811548655057877
0.5809542920564013
0.580755804550235
0.580559594975141
0.5803656899398116
0.5801739477156127
0.5799842537013818
0.5797968958592928
0.5796114282055953
0.5794279723008334
0.5792461872277826
0.5790664892124517
0.5788887827022108
0.5787127469061364
0.5785385385342932
0.5783660077019463
0.5781955694730646
0.5780266050242476
0.5778593924029705
0.5776939723403973
0.5775301175797117
0.5773678789520564
0.5772072519305351
0.5770481024145752
0.576890452134607
0.5767344315641634
0.5765799926276859
0.5764271673748198
0.5762757024581042
0.5761255322317382
0.5759767061292799
0.5758294170132003
0.5756838007374887
0.5755391033900732
0.5753957572052264
0.575253750204871
0.5751132693039503
0.5749738862761827
0.5748359817525017
0.5746992781806842
0.5745637560153243
0.5744295414442988
0.5742964584844912
0.5741645558105107
0.5740338095004434
0.5739040120258567
0.5737753232024915
0.5736481394922602
0.5735221652226468
0.5733969926669323
0.5732730775068041
0.5731500712192166
0.5730281748076693
0.5729073427174101
0.5727873110762756
0.5726683112314392
0.5725504726089046
0.5724338477876549
0.5723177590737067
0.5722025936898765
0.5720883558692667
0.5719752019566491
0.5718627296183977
0.5717513145322288
0.5716405680205726
0.5715307241528881
0.5714220437052241
0.571313931687358
0.5712067095667306
0.5711002058133837
0.5709946254513462
0.570889756244253
0.5707857806802007
0.5706824678813379
0.570579808823328
0.5704780768733254
0.5703771427739578
0.5702767231472989
0.5701771886074486
0.5700786196124839
0.5699806681436697
0.5698834463901307
0.5697869242356819
0.5696912286661919
0.5695962287535898
0.5695019261893858
0.5694084855978444
0.569315449903115
0.5692231438001057
0.569131563220344
0.5690407994096482
0.5689504454911625
0.5688605997527161
0.5687715555978413
0.5686830863119556
0.5685952191981279
0.5685078247247587
0.5684211266863828
0.5683350119502923
0.5682494731962345
0.5681641533700108
0.5680796770256725
0.5679956422675171
0.5679123756957681
0.5678295024423866
0.5677472620617026
0.5676653663942701
0.5675840043253386
0.5675031674875688
0.5674227166729648
0.5673428128152935
0.5672633939116163
0.5671844988309883
0.5671059261817761
0.5670279902312444
0.5669505224487499
0.566873425066346
0.5667969019630716
0.566720662975339
0.566645009730139
0.5665697571643442
0.56649492355446
0.5664204531950114
0.566346398697531
0.566272839995152
0.5661996677380221
0.5661268607006713
0.5660544942899605
0.5659825308006627
0.5659109752133283
0.5658398480343996
0.5657690613948245
0.5656986989366034
0.5656286110479967
0.5655589465857453
0.5654896340148134
0.5654206740811015
0.5653521414967183
0.5652839837084439
0.5652161378099462
0.565148772230503
0.5650816699236719
0.5650150400427922
0.5649487918661593
0.5648827482441727
0.5648168840483525
0.564751534732743
0.5646865175413154
0.5646218022948736
0.5645574178388356
0.5644933240753904
0.5644295787073792
0.564366098305355
0.5643030234717736
0.564240208242689
0.5641775525691978
0.5641153805934928
0.564053564104392
0.5639919798733624
0.5639306919595373
0.5638695369017934
0.5638086628297655
0.5637482341466787
0.5636881238200728
0.5636282617282304
0.5635687007941443
0.5635093924920926
0.5634504025573723
0.5633917877997335
0.5633333789142664
0.5632752955229737
0.5632173411034676
0.5631596931633467
0.5631024216709566
0.5630452613955493
0.5629884241822335
0.5629321072102461
0.5628758902220816
0.5628198446454095
0.5627639639142725
0.5627085525026455
0.562653329972634
0.5625984704238045
0.5625438479288617
0.5624894043783512
0.5624350939865028
0.5623811775348899
0.56232747522142
0.5622740040694236
0.5622208407069116
0.5621678505913377
0.5621151217011104
0.562062678104657
0.5620104855577853
0.5619584303923225
0.5619066701270402
0.5618550515000325
0.5618037465601523
0.5617525289318491
0.5617016403602364
0.561650919571902
0.5616004749676284
0.561550250825781
0.561500192976033
0.5614503218364173
0.5614006611878958
0.5613512206552378
0.5613020318469204
0.5612530177782412
0.5612041802250951
0.5611555033634846
0.561107102282284
0.5610588779023411
0.5610106732789065
0.5609629550164994
0.5609152530612269
0.5608678992718547
0.560820657767871
0.56077359802041
0.5607266535576478
0.5606798862541258
0.5606333782362145
0.5605870453737102
0.5605408706119663
0.5604949558554178
0.5604490605139484
0.5604033450946281
0.5603579549141963
0.5603125812864458
0.5602674400934198
0.560222511914399
0.5601776737468502
0.560133034839931
0.560088452336595
0.5600440861151996
0.5599999016961161
0.5599558523967733
0.5599133591406783
0.5598694867708582
0.5598257549814554
0.559782090685739
0.5597389209540465
0.5596959545212987
0.559652903601808
0.5596101272895395
0.5595675592852108
0.5595250432734012
0.5594826848470135
0.5594404683215661
0.5593982277655167
0.5593563579187419
0.5593144056288997
0.559272806224547
0.5592313725152913
0.5591901364022911
0.5591489772797671
0.5591079063215909
0.5590671129605398
0.5590264040848268
0.5589858578415117
0.5589453804749984
0.5589050891227928
0.5588649297511482
0.5588248668471228
0.5587849736086125
0.5587451926958155
0.5587058820773931
0.5586662569607026
0.5586268345596792
0.5585876572299178
0.558548577870629
0.5585095787713733
0.5584707209054206
0.5584319837117426
0.5583934050438635
0.5583549279800941
0.5583165922630469
0.5582783595656143
0.5582402699990492
0.558202294376035
0.5581646001708845
0.5581269133306138
0.5580893099869633
0.5580517977004125
0.5580144743348121
0.5579772822194626
0.5579402430736546
0.5579034522340354
0.5578665816190814
0.5578298897519786
0.5577932497626941
0.5577567476605209
0.5577204288975129
0.5576842794335832
0.5576481817554153
0.5576121901557466
0.5575763237375714
0.557540502040133
0.557504823597012
0.5574693700198
0.557433932354604
0.5573986895444655
0.5573634335097374
0.5573283746992397
0.5572933784251062
0.557258496186317
0.5572236311273606
0.5571890327692701
0.5571544792868508
0.5571201078737268
0.5570857600351468
0.5570515292626226
0.5570174282213263
0.5569832789719948
0.5569493177876303
0.5569154611510815
0.5568817699484474
0.556848153074424
0.5568146136070556
0.5567812591217087
0.5567479648525085
0.5567147834527717
0.5566817024873203
0.5566486932198492
0.5566157898974443
0.5565829812002814
0.5565503096979288
0.5565176682617456
0.5564851488166772
0.5564527386977056
0.5564203652544994
0.5563881527363004
0.556356009677026
0.5563239220325756
0.5562919711916919
0.5562600998923877
0.5562282973451114
0.556196614331956
0.5561650709406408
0.5561335659898183
0.5561021873716248
0.5560710212936509
0.5560397801789786
0.5560086575808063
0.5559776177768031


Test set losses:

Degree 2
1.3133861163465894
1.2488236710529277
1.191581553492154
1.140775627533521
1.0956211858417042
1.055426000537193
1.019557181063382
0.9874938875332525
0.958778965087207
0.9329982867975648
0.9097833497810927
0.8888474138658709
0.8699050636308007
0.8527383614953281
0.8371243414368601
0.8229007691100103
0.809916875997723
0.7980245749572377
0.7871044243514018
0.7770552303165428
0.7677823865648883
0.7592096961257013
0.7512684149636377
0.7438896116953646
0.737019914775982
0.7306105995453429
0.7246156416465442
0.7189978052974505
0.7137259039516172
0.7087683962879395
0.7040956886325398
0.6996802657889017
0.6955026342048585
0.6915475185154469
0.6877952341803276
0.6842293932132839
0.6808379217823977
0.6776100647915347
0.6745295915044017
0.6715873009898191
0.6687774939946652
0.6660866417869757
0.663511887826174
0.6610417535547501
0.6586706450370454
0.6563953253272248
0.6542092000803592
0.6521061369404488
0.6500807640377951
0.6481315427001383
0.6462555390407735
0.64444934873007
0.6427041936432197
0.641020027593739
0.6393943654923158
0.6378257208367665
0.6363098702830933
0.6348429410378983
0.6334217211236808
0.6320509917044462
0.6307241733070057
0.629439703759162
0.6281961004212782
0.6269909439435446
0.6258232660065801
0.6246915016172986
0.62359493998597
0.6225288702842777
0.6214962420734873
0.6204923501531743
0.6195180244323746
0.6185723838965271
0.6176532965018007
0.6167602888036489
0.6158913641931019
0.6150457261986211
0.6142251993248112
0.6134260818081078
0.6126482983881724
0.6118901940006756
0.6111521707213907
0.6104315223686788
0.6097319462637559
0.6090488140073939
0.6083827052833035
0.607733037292998
0.6070979005434896
0.6064784384035764
0.6058747631908125
0.605285118446426
0.6047087312530812
0.6041459102515682
0.6035961394038069
0.6030588280207428
0.6025329880319339
0.6020188554368067
0.6015158661431868
0.6010227283682769
0.6005408037743244
0.6000684237887169
0.5996056717049042
0.5991537365080123
0.5987101165680787
0.5982743284161826
0.5978478367975899
0.5974311724571615
0.5970213092251406
0.5966202251719126
0.5962250918239206
0.5958385201767518
0.5954575801388009
0.5950851599438315
0.5947188836065838
0.5943596480780482
0.5940061339064399
0.5936599900871076
0.5933185332029023
0.5929830811932172
0.5926534373164432
0.5923295608133443
0.5920103284709708
0.5916962130441308
0.5913875906732324
0.5910830067346617
0.5907842837598352
0.5904898290372803
0.5902004922491603
0.5899155564000107
0.5896348694479696
0.5893583407546418
0.5890862217942298
0.5888179580880889
0.5885531544350264
0.5882919058323524
0.5880351908004053
0.5877821263321517
0.5875324034517749
0.5872862596985089
0.5870441315801644
0.5868053449746777
0.5865683195873329
0.586334929987075
0.5861052562715949
0.5858782074966392
0.5856543071767225
0.5854338661314504
0.5852161570912295
0.5850009422737217
0.5847890132546303
0.5845792509238976
0.584371664737519
0.5841670129054006
0.5839647540010962
0.5837652876141444
0.583568378450981
0.5833738616893157
0.5831817510692964
0.5829917141548563
0.5828042527884618
0.5826187547566372
0.5824357612426272
0.5822537186492799
0.5820744316544587
0.5818969791815215
0.5817212998286306
0.5815478979337443
0.5813763873346554
0.5812072662312564
0.5810398857755015
0.5808739343803946
0.5807094316684648
0.5805473371701072
0.5803874329030995
0.5802281097745116
0.5800708496719652
0.5799154254361771
0.5797612622141973
0.5796090643469324
0.5794581322124037
0.5793084733921795
0.5791605323403906
0.5790139924409
0.5788691318267432
0.5787258025417203
0.5785838540563591
0.5784440077325625
0.5783041837095856
0.5781660903622108
0.5780299060764825
0.5778947724962173
0.5777605738871398
0.5776270135553674
0.5774954911997053
0.5773654387599255
0.5772359351590335
0.57710805924242
0.5769816922420008
0.5768558578411065
0.5767314888185437
0.5766082330186011
0.5764850657192419
0.5763639773398891
0.5762438710654223
0.5761246212684963
0.5760069848033537
0.575890356584803
0.5757741390905408
0.5756586531059756
0.5755452536852389
0.575432975272683
0.5753211217638922
0.5752100694482444
0.5751012150587413
0.5749924893100624
0.5748841197838294
0.5747770244816414
0.5746701446413972
0.5745640696385269
0.5744600123978079
0.5743568798733937
0.5742550847192807
0.5741518149488088
0.574050636614048
0.5739493161337753
0.5738499741187323
0.573751667977898
0.5736540448467821
0.5735567005381186
0.5734603724372768
0.5733647372243154
0.5732698311134228
0.5731756526738231
0.5730813478251677
0.5729882580202671
0.5728959661903357
0.5728046071614543
0.5727137260994976
0.5726236899748915
0.5725341107796726
0.5724454653392315
0.5723572961607675
0.5722698065617675
0.5721830472252295
0.5720970899884639
0.572011646437969
0.5719271170441653
0.571843350448832
0.5717593998304465
0.5716767002118196
0.5715938694533375
0.5715131460918406
0.5714313115358121
0.5713509252228943
0.5712713653660615
0.5711922519643124
0.571112619409688
0.5710340003363827
0.5709551325579552
0.5708783763308143
0.5708017579897539
0.5707256182396278
0.5706497006468206
0.5705745652594388
0.5704996843583248
0.5704254485554408
0.5703518236834166
0.5702787700664556
0.5702063479101371
0.5701338201741168
0.5700617566042327
0.5699905396199713
0.5699197912998282
0.5698496283231931
0.5697793277416732
0.5697104746040875
0.5696416418353822
0.5695727361473233
0.5695038983758453
0.5694366223739694
0.5693699446378961
0.5693036596148243
0.569237828027126
0.569172207771899
0.5691075952368824
0.5690425615785645
0.5689790197841204
0.5689161318300835
0.5688526222876529
0.5687898950409475
0.5687277718066046
0.5686651279975454
0.5686037407211375
0.5685427649979078
0.5684822080664335
0.5684222250252127
0.5683623321014555
0.5683018894600959
0.5682430526936855
0.5681845181764248
0.5681266479629616
0.5680685087999173
0.5680104183640281
0.5679532909702949
0.5678960074739606
0.5678391589350739
0.567782346858924
0.5677258413676965
0.5676699208313698
0.5676139494331608
0.5675590733223803
0.5675035248730961
0.5674493204977182
0.5673938933048669
0.5673392271714568
0.5672857854454398
0.5672318994812395
0.567178562442379
0.567125809536081
0.5670733859844802
0.5670209537748419
0.5669688713312309
0.5669164115339501
0.5668647620739689
0.566814299227994
0.5667634698327073
0.5667126773035042
0.5666619345642244
0.566611629131289
0.5665608548640082
0.5665114901425633
0.566462427952593
0.5664134703591526
0.5663643553867381
0.5663153248875901
0.5662664790660236
0.5662185616885905
0.5661700663738211
0.5661230889478489
0.5660760830465728
0.5660294037542899
0.565982741943261
0.565935724526093
0.5658895230197143
0.5658434664479227
0.5657986232501728
0.5657526141586041
0.5657069321541182
0.5656619422983218
0.5656160202976961
0.5655709205609266
0.5655266398272556
0.565482111853356
0.5654378676987387
0.5653933794729709
0.5653490827394256
0.5653056559567589
0.5652617685073653
0.565218538297737
0.5651763941081012
0.5651333321571952
0.5650904170075645
0.5650474709656064
0.5650056306763946
0.5649634464326134
0.5649218688859011
0.5648788225818189
0.5648372837056833
0.5647956263502121
0.5647542056174072
0.5647113483924605
0.5646704411406794
0.5646295187722783
0.5645896303520374
0.5645493464124094
0.5645089011971147
0.5644691282873617
0.5644290673423954
0.5643871195694786
0.5643473964979776
0.5643077317411377
0.5642683748219386
0.5642297419922386
0.5641902668804624
0.5641515917382895
0.5641136787946026
0.56407541467038
0.5640374758574006
0.5639998148180654
0.5639616010975599
0.5639241804465431
0.5638856275307729
0.5638466131959564
0.5637980025894335
0.5637590440435395
0.5637197647480807
0.5636806340221499
0.5636409851731624
0.5636010496543891
0.5635630745875049
0.5635241671527722
0.5634846982854722
0.5634461933758669
0.5634083966656261
0.5633700007054755
0.5633313322371338
0.5632937061471874
0.563255662118558
0.5632171812948581
0.5631796597349382
0.5631423526791542
0.5631046597573766
0.5630670213571314
0.5630294256068463
0.5629919915251114
0.5629545685354662
0.5629178655794292
0.5628810501592832
0.5628440433984823
0.5628072421246436
0.5627709601540514
0.5627348340942671
0.5627004125323756
0.56266387693512
0.5626271520240772
0.5625911894220729
0.5625558926533516
0.5625211762404213
0.5624873474246558
0.5624519921716196
0.5624173087889862
0.5623824807968638
0.5623472958005508
0.5623125257339417
0.5622776424860424
0.5622428584339553
0.5622085812118749
0.5621743588041518
0.5621398823349444
0.5621051178644363
0.5620719816941847
0.5620386443900534
0.5620030771938878
0.5619688043182098
0.5619353849385326
0.5619024863735708
0.5618690660740666
0.5618361465111986
0.5618025804597016
0.5617702516417079
0.5617371904108979
0.5617041823739812
0.5616713625519463
0.5616390266148455
0.5616056254485311
0.5615735066699837
0.5615413824143234
0.5615097403838714
0.5614783738722963
0.5614470607075741
0.5614153828257109
0.5613836554348696
0.5613526846635225
0.5613211389224844
0.5612898307549585
0.561258421755272
0.5612274512331604
0.5611960086118354
0.5611647276073445
0.5611343212496813
0.5611056512245144
0.5610749950607932
0.5610454795693303
0.5610145387744228
0.5609843791598351
0.5609542277603238
0.5609246600596268
0.5608951248035279
0.5608660801359358
0.5608362533493813
0.5608075877887975
0.560778328200601
0.5607494042433172
0.5607203427275904
0.5606911511841344
0.560663301123584
0.560634289766053
0.5606052623736417
0.5605775267854086
0.560549413300049
0.5605217726013156
0.5604953795021724
0.5604686729191141
0.5604416913827495
0.5604147063045102
0.5603875039324395
0.5603604799188838
0.560334261320169
0.5603070077255936
0.5602807808718533
0.5602532368955686

Train set accuracy:
Degree 2 - 0.8189519438945417
Test set accuracy:
Degree 2 - 0.8184682389939972