Times:

Degree 2 - 
47.44178485870361 47.80417251586914 47.725932598114014 48.28040361404419 47.798504114151 


Train set losses:

Degree 2
1.2492921766433631
1.1415427419932855
1.0564127860934565
0.9886730071555732
0.9342996447367629
0.8902314457744588
0.8541620480254135
0.8243613956419846
0.7994825227506854
0.7785079189611707
0.7606493346000638
0.7452997961621134
0.7319828625997244
0.7203287493279097
0.7100456383840387
0.7009067249999733
0.6927259995460794
0.6853601672177714
0.6786897840619217
0.6726196007634522
0.6670690708362114
0.6619767804232777
0.6572898272457105
0.6529593010922989
0.6489491725111671
0.6452265148596257
0.6417643987172647
0.6385380952353038
0.6355263563038724
0.6327108679952944
0.63007305195853
0.6276007540809783
0.6252786595812575
0.6230941573937608
0.6210372728531166
0.6190964172874076
0.6172647972644482
0.6155337376794632
0.613895126749674
0.6123426666224626
0.6108703194683214
0.6094715761374666
0.6081407832184812
0.6068736001482578
0.6056661671899758
0.604513655714063
0.6034123169651016
0.6023592649455526
0.6013509682852345
0.6003847399213876
0.5994574492409452
0.5985669580284554
0.5977111206400638
0.5968874054083513
0.5960942159021207
0.5953296844624467
0.5945917665459646
0.5938788548603915
0.5931900619784776
0.5925241968321749
0.5918799428506322
0.5912558178748509
0.5906511064420163
0.5900649326345764
0.5894957727072467
0.5889432440216951
0.5884066745998304
0.587884949471299
0.587377517430434
0.5868837182344058
0.5864030332140422
0.5859346484619407
0.5854780173799883
0.5850326754672237
0.5845982966070872
0.5841745208027539
0.5837608765867434
0.5833566230691123
0.5829617115765584
0.5825758089683568
0.5821984445504511
0.5818291865573724
0.581467755034091
0.581113937051889
0.5807674582292414
0.5804282302379522
0.5800956042168872
0.5797697670748407
0.5794502095956251
0.5791368944849494
0.5788293890581344
0.5785277026342845
0.5782316193170836
0.5779408905341114
0.5776555123091665
0.5773752317136316
0.5770999581969631
0.576829522293474
0.5765636467371615
0.5763025842443001
0.5760460372264842
0.5757936938818962
0.5755457992596724
0.5753019375640039
0.5750621628127708
0.5748262872428842
0.5745941392587646
0.5743656245487936
0.5741407587017193
0.5739193229706576
0.5737012229977979
0.5734863899159284
0.573274845725922
0.5730663355430433
0.5728610256151637
0.5726584651639904
0.5724588569717782
0.572261978888592
0.5720678012418722
0.5718763608716462
0.5716875122855333
0.5715011365593831
0.5713171891265214
0.5711357704975526
0.5709566431068779
0.570779903459842
0.5706052370808139
0.5704328049856858
0.5702625278704802
0.5700942704494085
0.5699281472734631
0.5697640096326606
0.5696018261540443
0.5694415231903086
0.5692831722466671
0.5691266512321067
0.568971868206419
0.5688188342498696
0.5686675578289819
0.5685180657030168
0.568370464764473
0.5682241865399995
0.5680795231640925
0.5679364068437327
0.5677949432428783
0.5676548947898856
0.5675164229202204
0.5673794305261335
0.5672438577260891
0.567109822778486
0.5669772008197633
0.5668457900607377
0.566715912518944
0.5665873595561755
0.5664600966377115
0.566334058973938
0.566209392079049
0.5660859256433877
0.5659637623114748
0.5658426501753692
0.5657227587593248
0.5656039746308249
0.5654863299466404
0.5653697283118451
0.5652543172379302
0.5651399150765272
0.5650265517863774
0.5649141045251722
0.564802718640574
0.5646923537077888
0.5645830200536268
0.564474585464542
0.5643669866973615
0.5642605007114245
0.5641549097566579
0.5640502432761458
0.563946458367709
0.5638436284463471
0.5637415842865133
0.5636405291484672
0.5635401754602828
0.5634407639516082
0.563342146172787
0.5632442977345434
0.563147329140698
0.5630510221989073
0.5629554963091191
0.5628607069970764
0.5627666703311791
0.5626733947557799
0.5625807916677619
0.5624889038562902
0.5623977198787815
0.562307197073646
0.5622173112971428
0.5621280926059373
0.5620394964387956
0.5619516112602216
0.5618643283504641
0.5617776360969848
0.5616918780261583
0.5616064547354809
0.5615215680303522
0.5614373115260747
0.561353562625447
0.5612704522981834
0.5611878980527553
0.5611058811305537
0.5610245253690376
0.5609437382172959
0.560863546230149
0.5607837839411609
0.5607045621617391
0.5606259590205722
0.5605478367922829
0.5604702193575127
0.5603931100399423
0.5603164764778082
0.5602403674000032
0.5601648215036821
0.5600897022970321
0.5600150944034283
0.559940958163953
0.5598672422936383
0.5597940944295431
0.559721343264372
0.5596489897925332
0.5595771572497477
0.5595056944311722
0.5594346907442065
0.5593641497387518
0.5592940700651436
0.5592244087291529
0.5591551191560293
0.5590863269292754
0.5590180034351466
0.5589500003731165
0.5588824169447697
0.5588152029558099
0.5587484461020628
0.5586820138429134
0.5586159640876873
0.5585503452344345
0.5584851269492379
0.5584202458387457
0.5583557951045315
0.5582916320841175
0.5582278975832671
0.5581645216796272
0.5581015417113206
0.5580388704006503
0.5579765963338496
0.5579146831405468
0.5578531188647846
0.5577918899454606
0.5577310022864801
0.5576704354487129
0.5576103581785287
0.557550253547465
0.5574907942787963
0.5574316379337925
0.5573728041760282
0.5573142960290797
0.5572561142919349
0.557198341305356
0.5571409001370459
0.5570837359733274
0.5570268439869474
0.5569702893204413
0.5569140193588693
0.5568580738747915
0.5568025177518603
0.5567476543290432
0.556692586998613
0.5566378534073115
0.556583485529057
0.5565293114276855
0.5564754800108849
0.5564219579540418
0.5563687240606605
0.5563157609599141
0.5562630726850317
0.5562106862817555
0.5561585609657236
0.5561066960521536
0.5560551697500711
0.5560039331261498
0.5559529555776292
0.5559021918294891
0.5558517660481069
0.5558015637859678
0.555751669191334
0.5557018754944778
0.5556525486342972
0.5556033948378224
0.5555545759746398
0.5555059643705949
0.5554577257173228
0.5554097217334013
0.5553618278596647
0.5553142345317944
0.5552669041485867
0.555219843156717
0.555172862977854
0.5551261610042771
0.5550797054991444
0.5550335301175868
0.554987629572592
0.554942008103484
0.554896669909666
0.5548515692811411
0.5548067345247475
0.5547621753164369
0.554717897123564
0.5546738838278482
0.5546301258762709
0.5545865923188591
0.554543318084642
0.5545003210359362
0.5544575847539734
0.5544150819855291
0.5543728277881264
0.5543308336615451
0.5542890976718059
0.5542475872328141
0.554206287102845
0.5541652479422055
0.5541244059416952
0.5540838454461957
0.5540435059731512
0.5540033696470468
0.553963482684808
0.5539237857107193
0.5538843595180855
0.5538451325305582
0.5538061085376114
0.5537672978185699
0.5537287138667754
0.5536903623510322
0.5536522296736222
0.5536143250352736
0.5535766024132496
0.5535390882833445
0.5535017714584259
0.5534646598424018
0.5534277649867564
0.553391074871394
0.5533545694187009
0.5533183099667628
0.5532822414019984
0.5532463837610134
0.5532107245718421
0.553175267867491
0.5531399861378177
0.5531048829365466
0.5530699591096198
0.5530352296952843
0.5530007309795667
0.5529664075185472
0.5529322548469692
0.5528982989686939
0.5528645441892573
0.5528310011263795
0.552797592069478
0.5527643968901002
0.5527313881910743
0.5526985645069127
0.5526658728014499
0.5526333677206614
0.552601036307796
0.5525688474185362
0.5525369017437235
0.552505079269233
0.5524734404303093
0.5524419634063884
0.5524106435920154
0.5523794799011049
0.5523485383008786
0.5523176898533118
0.5522870063048575
0.552256595258657
0.5522262377127032
0.5521960211686268
0.5521659667665624
0.5521360594128553
0.5521063303194691
0.5520768036993043
0.5520474117247289
0.552018132729959
0.5519890631877262
0.5519600755786758
0.5519312893670423
0.5519025930544686
0.5518740466522843
0.5518456617214343
0.5518174304038255
0.5517893095595571
0.5517613323309687
0.551733502961538
0.5517057688624589
0.5516782163106415
0.5516508080314444
0.5516235070536475
0.5515963632043784
0.5515693465372016
0.5515424458694922
0.5515156749859729
0.5514890462365951
0.5514625418619185
0.5514361773981349
0.5514099525717964
0.5513838247816233
0.5513578100837739
0.5513319372297356
0.5513061665572717
0.5512805380465948
0.5512550325791146
0.5512295972017112
0.5512043012303621
0.5511791628084846
0.5511541165120389
0.5511291858607797
0.5511043828935437
0.5510796962066242
0.5510551056154045
0.5510306427171956
0.5510062849448838
0.550982004664982
0.5509578875706337
0.5509338490128056
0.5509099237350777
0.5508861240983007
0.550862393382053
0.5508387906537355
0.5508153066840269
0.5507919253506098
0.5507686382166365
0.5507454499171268
0.5507223670312078
0.5506993855390274
0.5506764869780717
0.5506537109505043
0.550631050246598
0.5506084781823717
0.5505859743065249
0.550563658147948
0.5505413627079465
0.5505191916221169
0.5504971007293322
0.5504751127572926
0.5504532098909711
0.5504313751850053
0.5504096322823245
0.5503880000952768
0.5503664609096252
0.5503450191050087
0.5503236752177265
0.5503024366956731
0.5502812589207038
0.5502601753220289
0.5502391602336321
0.5502182573003523
0.5501974424589184
0.5501767094732032
0.5501560401395762
0.5501354645197772
0.550114991401662
0.5500946117035302
0.5500743095943318
0.5500543547583543
0.5500341989309777
0.5500141274413469
0.5499941182973563
0.5499742088365489
0.5499544030651036
0.5499346651849957
0.5499150298579376
0.5498954461090362
0.549875949810103
0.5498565148293505
0.5498370773753335
0.5498177114142652
0.5497984357569552
0.5497792367749391
0.5497600881106562
0.5497410250335097
0.5497220448243254
0.5497031370226644
0.5496842800114011
0.5496654484534368
0.5496466909653922
0.5496280547004765
0.5496094549666213
0.5495909018137108
0.5495724848757393
0.5495540984209148
0.5495357696639716
0.5495175015656795
0.5494993456488255
0.549481230003534


Test set losses:

Degree 2
1.2493313511779354
1.1416153305981436
1.0565176140032093
0.9888091972421773
0.934468069808719
0.8904312184271271
0.8543926707434076
0.824623207440716
0.799775833058581
0.7788331700569318
0.7610061131724317
0.7456868387849903
0.7324006171500526
0.7207763627418821
0.7105229457538172
0.7014137380794544
0.6932630223724107
0.6859266149206197
0.679284665882474
0.6732424612329488
0.6677199890569929
0.6626552996382121
0.6579956340568976
0.6536919212151631
0.6497087213339084
0.6460127857708418
0.6425765046713728
0.6393757003043519
0.6363900686670934
0.6336000825823319
0.6309870886158098
0.6285379598785245
0.6262391934765288
0.6240776217536512
0.6220405214236606
0.6201169056865103
0.6183022456200158
0.6165872939553637
0.6149654978930058
0.613429277826891
0.6119728905885834
0.6105900408773696
0.6092745578780422
0.6080228481519782
0.606830151136349
0.605692469981103
0.6046052653331146
0.6035673227299669
0.6025733149756943
0.6016208974004994
0.6007075066460281
0.5998312125794596
0.5989892185620231
0.5981792307813072
0.5973994333060444
0.5966485934518163
0.5959240777184976
0.595225401476383
0.5945510195055658
0.5938984049041225
0.5932677920232905
0.5926569566257932
0.5920656739152782
0.591492670745493
0.5909359333041573
0.5903963546733078
0.5898724728299156
0.5893642955885495
0.5888700559413328
0.5883888960708706
0.5879207947743421
0.5874643049743359
0.5870191278286325
0.5865854038273202
0.5861623300895751
0.5857506122624834
0.5853483872961373
0.5849556871407778
0.5845721713299434
0.5841979616191656
0.5838319367973981
0.5834744985686985
0.5831243520103637
0.5827818770587024
0.5824468152619918
0.5821189061365196
0.581797404069097
0.5814832390848487
0.5811746417488423
0.5808720855589933
0.5805748576616251
0.5802833431788692
0.5799970487413425
0.57971645833327
0.5794410992263972
0.5791707432037942
0.5789058324087885
0.5786449497837789
0.5783884348776731
0.5781366277263693
0.5778892439018616
0.5776456047734618
0.5774057931993919
0.5771695958521776
0.5769378065788439
0.5767089039358317
0.5764840602431629
0.5762624040898838
0.576045091322466
0.5758311716047595
0.5756192800815849
0.5754109273565573
0.5752060232122798
0.575003607423203
0.5748045610286253
0.5746084632272062
0.5744148920182757
0.5742236752159096
0.5740355659975982
0.5738503508482817
0.5736670387020677
0.573486331829115
0.5733088668017994
0.5731332150601794
0.5729598129644354
0.5727880443615917
0.5726191758872868
0.5724521570939437
0.5722874013264907
0.5721249947939832
0.5719648202492984
0.5718058880241871
0.5716500046651449
0.5714959008543525
0.5713431674881745
0.5711930688165789
0.5710434855141624
0.5708970351688731
0.5707518752313641
0.5706092668964216
0.5704656771987693
0.5703265930462549
0.5701884121447478
0.5700519150980791
0.5699169212998306
0.569784199835546
0.5696531710673544
0.5695240331400795
0.569396306240037
0.5692707527216684
0.5691457004905617
0.5690222665393231
0.5688998694491836
0.5687788764113769
0.5686597624102098
0.5685416009413343
0.5684246979733268
0.5683092285475918
0.5681951028320572
0.568081841629237
0.5679695311012836
0.5678584255395192
0.5677488727647783
0.5676402634149124
0.5675328926136743
0.567426779251357
0.5673221638119463
0.567217781598472
0.5671145837522316
0.5670123283874899
0.5669113075347321
0.566811146254098
0.5667113893458443
0.5666130537152241
0.5665157233703855
0.5664191103877073
0.5663236007930756
0.5662291582921258
0.566136097021172
0.5660434773496477
0.5659515427645181
0.5658602243442563
0.5657702517302716
0.5656804756367512
0.565591562329227
0.565503035512372
0.5654157574703657
0.5653294410228342
0.565243494381771
0.5651586224017445
0.5650745186683166
0.5649908544252409
0.5649086490149846
0.5648256482140886
0.5647438480546144
0.5646624046379953
0.5645818581846478
0.564501547718262
0.5644226055436439
0.5643442179494992
0.5642671762225768
0.5641898250744188
0.5641126373511482
0.5640362037523095
0.5639602478313949
0.5638851512618672
0.5638105120145018
0.5637365556032083
0.5636630343381059
0.563590394702071
0.5635178349976313
0.5634460773929
0.5633744145443883
0.5633038143843414
0.5632343650538715
0.5631646114603016
0.563093781635456
0.5630199404916414
0.5629466194301449
0.5628738386206933
0.5628015048601305
0.5627300679382438
0.5626590278781625
0.5625885900141332
0.5625186959835935
0.5624489753466086
0.5623794053390487
0.5623101118682255
0.5622424100569507
0.5621743388878017
0.5621065568165948
0.5620394958231273
0.5619726103462902
0.5619067991416797
0.5618406816824306
0.5617756655284387
0.561710733929013
0.5616460508186314
0.5615822932204833
0.5615185207298389
0.5614562383726579
0.5613931861821085
0.5613311811463584
0.5612690220603007
0.5612075409244469
0.5611456647068304
0.5610847597710358
0.5610243307222078
0.5609644568064888
0.5609050749080897
0.5608460661147701
0.560786885797137
0.5607282146792734
0.5606701620947088
0.5606126365861078
0.5605550512291632
0.5604953346238314
0.5604356677333766
0.560376316141178
0.5603172787744551
0.5602585777570817
0.5602005589086394
0.5601425408005172
0.5600852467504616
0.5600289224926188
0.559972815172763
0.5599166803276153
0.5598603774170452
0.5598048956387698
0.5597505731016452
0.5596962897829059
0.559641586950189
0.5595886077392105
0.5595358394515133
0.5594835040769269
0.5594312193428832
0.5593790808178681
0.559327081161251
0.5592756880228926
0.5592251884958149
0.5591739681896065
0.5591238156638996
0.5590743325795688
0.5590242594266683
0.5589748836096311
0.5589260118765551
0.5588771215858468
0.5588283113571393
0.5587805471517504
0.558733179739413
0.5586866645894768
0.5586393160970597
0.5585928894695554
0.5585461525486615
0.5584999205917194
0.5584539070554946
0.5584083882872857
0.5583631652578862
0.5583180938457353
0.5582739097709303
0.5582296580550339
0.5581852710559146
0.5581412462525476
0.5580977134189784
0.5580541888872383
0.5580106295474223
0.557968157500811
0.557924954321903
0.557882254105788
0.5578398237320854
0.557797366979172
0.5577551615704327
0.5577136659568317
0.5576721756865839
0.55763090634931
0.5575899277095061
0.5575483159962488
0.5575074898893759
0.5574668531243233
0.5574264025038125
0.557386124209086
0.5573454203708013
0.5573050893276592
0.5572650287606212
0.5572251916520152
0.5571855956889433
0.557148454550536
0.5571091270955156
0.5570703241818292
0.5570310949849127
0.556992477852529
0.5569549744796991
0.5569168497518528
0.5568793055209109
0.5568412271027018
0.5568046789972353
0.5567681375639084
0.5567309669191315
0.5566944755710231
0.5566584673053423
0.5566229251715371
0.5565872282458217
0.5565509637710937
0.5565156164244396
0.5564800302015376
0.5564454413587654
0.5564110091512503
0.5563766897753634
0.5563415346167635
0.5563077228103819
0.5562734038568956
0.5562394898664917
0.5562057756040074
0.5561728837489668
0.556139814704512
0.5561061595858681
0.5560729339129964
0.5560404977925393
0.5560083982449522
0.5559761208446747
0.5559443046209445
0.5559122720196713
0.5558813931958979
0.5558506082524921
0.5558193410553653
0.5557881824316941
0.5557575261197536
0.5557268634714917
0.555696151140111
0.5556659443514442
0.5556356535314284
0.5556054216776387
0.5555754395695518
0.5555457434859145
0.5555163956853723
0.5554873334889179
0.5554579410092143
0.5554290189374784
0.5554005169717172
0.55537188540526
0.555343180504396
0.5553148867746843
0.5552867331065338
0.5552584820649903
0.5552307773765401
0.5552037119765115
0.5551759612298149
0.5551484406468153
0.5551221704882817
0.5550952744323263
0.5550688368026929
0.5550422518432278
0.5550160682372104
0.5549893872372904
0.554963053508596
0.5549371582066218
0.5549109756733348
0.5548852015548394
0.5548598656348944
0.5548341238468524
0.5548083499087655
0.5547830132848823
0.5547583168624565
0.5547337590658393
0.5547089865355869
0.5546844823243824
0.554660062644668
0.5546358972763832
0.5546119563660955
0.5545882215709149
0.5545644951842765
0.5545405642643707
0.5545169032853485
0.5544931565196319
0.5544695200481529
0.5544463494176026
0.5544233968048846
0.5544003021081745
0.5543773123956145
0.5543542021586513
0.5543314401614536
0.5543088323429112
0.5542864637961863
0.5542646768211904
0.5542420461744891
0.5542196352650605
0.5541971593204763
0.5541748961631632
0.5541521460831753
0.5541304820291051
0.5541085590191115
0.5540866177873748
0.5540651517463347
0.5540436038735541
0.5540219807451008
0.5539999929628354
0.5539783885462513
0.5539574707390508
0.5539364873829434
0.5539155657313277
0.5538948171324418
0.5538739958280983
0.5538522610066531
0.5538318466379003
0.553811796025087
0.5537931145583525
0.5537728438515593
0.5537525334311063
0.5537324933648846
0.5537127429256201
0.5536927330923612
0.5536726809144425
0.5536536781370961
0.5536340967872496
0.5536148187478241
0.5535949033191099
0.5535756449277766
0.5535555702409679
0.5535364280640205
0.5535181183087241
0.5534990149985569
0.5534802398852918
0.553461665726241
0.5534434522564678
0.5534251341531692
0.5534064791168362
0.5533883471346208
0.5533701530582702
0.5533517920477368
0.553334707942002
0.5533166695571008
0.55329904414132
0.5532797328150277
0.5532616763031765
0.5532437866631176
0.5532253926184504
0.5532079065578828
0.5531906817306357
0.5531732157701621
0.5531556777098949
0.5531379292998329
0.5531208571005304
0.5531037793632125
0.5530869234583181
0.5530692537192484
0.5530524590673445
0.5530359669787387
0.553019686231328
0.5530031400246901
0.5529868089835241
0.552970050264322
0.5529541292694409
0.5529375010117994
0.5529204772893735
0.5529039030938401
0.5528875874266452
0.5528716514086819
0.5528560665199345
0.5528395766042252
0.5528232706035767

Train set accuracy:
Degree 2 - 0.8175139776746096
Test set accuracy:
Degree 2 - 0.8173339759618534