Times:

Degree 2 - 
24.056676864624023 24.104907274246216 24.22335410118103 24.171225547790527 24.43676733970642 


Train set losses:

Degree 2
1.3137339537473989
1.249429104535677
1.1924034596883648
1.1417914704549497
1.0967949928362082
1.056724818086624
1.0209773039731167
0.9890223130327319
0.9603980512604101
0.9346888583271025
0.911538615995876
0.8906347696538891
0.8717338904131436
0.8545976448592688
0.8390122013303258
0.8248024914984604
0.8118188291486872
0.7999298994897746
0.7890116675503247
0.7789640760964371
0.7696872512732621
0.7611050083878752
0.7531544378449596
0.7457621115943884
0.7388763369723201
0.7324465542248177
0.7264291922261121
0.7207896794891663
0.7154944679582984
0.7105132282498106
0.705813571536537
0.701375553151564
0.6971775206268491
0.6932002941700962
0.6894243579019763
0.6858407255993612
0.6824262562339345
0.6791732114124027
0.6760689296002707
0.6731023368905207
0.6702683402893808
0.6675553296595453
0.6649587155356765
0.6624691852810025
0.6600767625547582
0.6577821206812281
0.6555754123561242
0.6534532740428826
0.6514135669869477
0.6494465310990352
0.6475522301521265
0.6457266624522353
0.6439661483428404
0.642268380276679
0.6406275581904546
0.6390436641956768
0.6375132165234348
0.6360326448803725
0.634601035911874
0.6332176960108962
0.6318794035908439
0.6305816319053632
0.6293258995288886
0.6281104307911312
0.6269314116079485
0.6257881653726857
0.6246795228940643
0.623604378052163
0.6225598282593204
0.6215492135020204
0.6205651516446578
0.6196084605955416
0.6186791388630795
0.6177753047285597
0.6168957320754576
0.6160410630862372
0.6152096154160736
0.6143993877410752
0.613611293259949
0.6128434631973692
0.6120963544934799
0.6113676083507547
0.610657443570182
0.6099655510682974
0.6092894597373755
0.6086296870641222
0.6079862180533078
0.6073586083747511
0.6067449811251883
0.6061452748680323
0.6055598218657096
0.6049872010524044
0.6044281292732183
0.6038808031742422
0.6033448954002814
0.6028213814688042
0.6023087673418628
0.6018063657694384
0.601314540602498
0.600832601526504
0.6003602926152837
0.5998975384011362
0.5994440697428791
0.5989997284773021
0.5985641278478709
0.5981365088355254
0.5977160988092836
0.5973037341660257
0.5968993139097781
0.5965018364434397
0.5961118314709944
0.595728252060115
0.5953519340267116
0.5949821470198626
0.5946185691624798
0.5942610394536476
0.5939091634179048
0.5935639033798457
0.5932237121594772
0.5928890833092044
0.5925594509475414
0.5922352568830355
0.5919161554581279
0.5916023051533235
0.5912929756280851
0.5909882030609046
0.5906881079785777
0.5903923580933614
0.5901013208620929
0.5898142120622644
0.5895312830751103
0.5892524885091758
0.5889775247685993
0.5887061702514829
0.5884386797787619
0.5881746520900969
0.5879142646391603
0.5876574706185369
0.5874038057128441
0.5871537215453959
0.5869066142039367
0.5866628748651768
0.5864222576135997
0.586185097068034
0.5859503881908975
0.5857185243173182
0.5854895786948584
0.5852633201008516
0.5850398318386917
0.584818896842191
0.5846008596660892
0.5843854345904514
0.5841721709837826
0.5839614263649789
0.5837531682560547
0.5835470297230427
0.5833435656350358
0.5831422147785228
0.5829433185782442
0.5827465321018817
0.5825518727015356
0.5823592421519933
0.5821674427184822
0.5819788406755648
0.5817920424100453
0.5816073106860606
0.5814243546814367
0.5812435138809006
0.5810644071286208
0.5808867487484839
0.5807112013217601
0.5805374891572834
0.5803655814301278
0.5801953191897123
0.5800267007467674
0.5798597718341434
0.5796943767681049
0.57953043401127
0.5793678489423361
0.5792068385782605
0.5790475709820957
0.5788896404063089
0.5787332335736516
0.5785782884857065
0.5784246361562776
0.578272499513169
0.5781215609585302
0.5779720250259202
0.5778240211162633
0.5776771280955003
0.5775316823753024
0.5773872841049721
0.5772440397101561
0.5771021018221532
0.5769613596235388
0.5768218522681143
0.576683446425365
0.5765459103511708
0.5764096731458714
0.5762744436613103
0.5761404141277058
0.5760078383270039
0.5758760652418272
0.5757452689609343
0.5756155422866607
0.5754868531935275
0.5753592045715548
0.5752326138352399
0.5751068914399575
0.5749821366300003
0.5748583812270202
0.5747353614242836
0.5746136505497862
0.5744926044999131
0.5743725707306282
0.5742531531390227
0.5741346943839736
0.5740168180125568
0.5739001614982057
0.5737842591369982
0.5736692682669855
0.573555125758263
0.5734417465479215
0.573329174736618
0.5732176160560891
0.5731065696916353
0.5729963109798307
0.5728867589839012
0.5727782240274879
0.5726702038032631
0.5725628337897127
0.5724562388161292
0.5723504451964291
0.5722453155687133
0.5721409301765075
0.5720371993869464
0.5719343081102768
0.5718320307151158
0.5717302816218088
0.5716290510168951
0.5715285455388723
0.5714288126323662
0.5713297070641473
0.5712311514584449
0.5711333022251803
0.5710359725427985
0.5709393345470349
0.5708432746535825
0.5707477596676066
0.5706527907938321
0.5705584854368331
0.5704646768031647
0.5703715510674557
0.5702789179282047
0.5701868679298537
0.5700953152711945
0.5700043675857348
0.5699140744393938
0.5698242374402746
0.5697350526110043
0.5696462718150224
0.5695580138671277
0.569470254564882
0.5693829174861917
0.569296188462122
0.5692099305705878
0.5691241559648503
0.5690389626719613
0.5689541046032393
0.5688697698428169
0.5687862954553926
0.5687029261754075
0.5686200389226711
0.5685377247759582
0.56845583840136
0.568374357601178
0.5682933885596227
0.5682128241619724
0.5681327547411421
0.5680531213549245
0.5679739330693849
0.567895180980913
0.5678167772485989
0.567738543814127
0.5676610770205494
0.5675840725710689
0.5675073383491288
0.5674310736318751
0.5673552766321432
0.5672798883884063
0.5672048288896449
0.5671301094516915
0.5670563287804459
0.5669824683464386
0.5669089750916727
0.5668359369172852
0.5667631256102805
0.5666907415274888
0.5666187840783788
0.5665472351857159
0.5664761818973625
0.5664054115674583
0.5663351118803124
0.5662651812455707
0.5661956305165333
0.5661264654063091
0.5660576284383912
0.5659890884124736
0.5659208640507375
0.5658530701300931
0.5657855658529389
0.5657184902728163
0.565651611778584
0.565585063523244
0.5655189307570427
0.5654530919340656
0.5653876302974697
0.5653226030299676
0.5652577398478752
0.5651932808623931
0.5651291303555854
0.5650652480221658
0.5650016442639888
0.5649382955326352
0.5648751817975418
0.5648124380892718
0.564749938494441
0.5646880167204018
0.5646263926027031
0.564564774043079
0.5645034486911321
0.5644424587152012
0.5643816170055398
0.5643212943954391
0.5642610282294674
0.5642011049139233
0.564141451341814
0.5640819676719765
0.5640226352437657
0.5639636972780326
0.5639049607932233
0.5638464877820564
0.5637882566301036
0.5637302788026117
0.5636726658317371
0.5636151785074652
0.5635579419848742
0.5635009149828489
0.5634441446135237
0.5633875801573914
0.5633313194617586
0.5632752063494821
0.5632193907225165
0.5631638630628851
0.5631085597095691
0.5630533925557673
0.5629986289104215
0.5629440529425482
0.5628896014879727
0.5628353876433239
0.562781385060446
0.5627275922212782
0.562674053289378
0.5626207216443408
0.5625675574990442
0.5625145943202208
0.562461862822478
0.5624094708253364
0.5623563949153032
0.5623043686081131
0.5622526520530828
0.5622011883527238
0.5621499071348424
0.5620988656366581
0.5620481624249687
0.5619974969523068
0.561947010588175
0.5618967700320148
0.5618467386008823
0.5617968478553179
0.5617473061308871
0.5616978176746473
0.5616482853762399
0.5615991477456762
0.5615501780885496
0.5615014300089656
0.5614528946331674
0.5614044865251471
0.5613562970597428
0.5613082723567705
0.561260418696802
0.5612127248475798
0.5611652743094758
0.5611177161044678
0.5610704869366014
0.5610234354417838
0.5609765609030413
0.5609299527748214
0.5608834018251547
0.5608369957641982
0.5607908269023042
0.5607446603658756
0.5606988381191771
0.560653120114619
0.5606076046661465
0.5605621566386437
0.5605169159544757
0.5604717434273895
0.5604268404763817
0.5603820579981307
0.5603374189164901
0.5602929316301797
0.56024856494967
0.5602043033267184
0.5601602068948031
0.5601162811990079
0.5600725188969025
0.5600288796763131
0.5599853169994805
0.559940809435438
0.5598976020756996
0.5598545015331725
0.5598115782442851
0.5597687668891063
0.5597260950874536
0.5596835970083217
0.5596411715754329
0.5595990532827191
0.5595568997650405
0.5595149207137091
0.5594730488121717
0.5594312380181534
0.5593896248978119
0.5593481485758892
0.559306816213913
0.5592656467215654
0.5592245432230498
0.5591836037554766
0.5591414848973834
0.5591009537701048
0.5590604305358826
0.5590200574110721
0.5589797628021967
0.558939577895228
0.5588995273732447
0.5588596147231643
0.5588197980468946
0.5587800579083313
0.5587404927246322
0.558701049070741
0.5586618514392075
0.5586226712887928
0.5585835834185445
0.5585445876936348
0.5585056805658999
0.5584668922993247
0.5584282710846764
0.5583897943699746
0.5583514298229959
0.5583131493532053
0.5582749786336836
0.5582369084564913
0.5581989347613774
0.558161239285837
0.5581269332751393
0.5580886189663967
0.5580505204930211
0.5580126264888319
0.5579750059779912
0.5579375407731465
0.5579002157348956
0.5578630270015713
0.5578260313533923
0.5577891326967179
0.5577524642330138
0.557715847177733
0.5576794101299669
0.5576429811058938
0.5576067865855941
0.5575707578108317
0.5575346559908109
0.5574987563937314
0.5574629227736614
0.5574271194894873
0.5573914761013075
0.5573559558150254
0.5573205778282545
0.5572852551909121
0.5572500782539661
0.5572149188490665
0.5571799293834179
0.557145026098395
0.557110237551411
0.5570755323533353
0.5570409731958235
0.5570064674000065
0.5569721373058998
0.5569377750659589
0.5569035669446488
0.5568693557737479


Test set losses:

Degree 2
1.3137798834377286
1.2495027865475479
1.1925025067909159
1.1419139824005917
1.096940423448206
1.0568925586040663
1.0211669387387623
0.9892320360375573
0.9606283802905307
0.9349390004624898
0.9118079973469712
0.8909231989111646
0.8720403838174615
0.8549217031644283
0.8393542372567471
0.8251616597008006
0.8121948170807833
0.8003229575005386
0.789420949057777
0.7793889639758498
0.7701280070569061
0.7615623509458598
0.7536277405689846
0.7462511952892321
0.7393807121323392
0.7329661557332715
0.7269638214549536
0.7213395567290365
0.716059689194281
0.7110958712579312
0.7064112086259178
0.7019882711611093
0.6978048934388978
0.6938418972773499
0.6900802882236563
0.686509826192278
0.6831089327741988
0.679869524396702
0.6767779618113675
0.6738238933725977
0.6710019479203061
0.6683003325966379
0.6657160222517952
0.6632386511500341
0.6608580029894229
0.6585748543728032
0.6563799242116986
0.6542689198415396
0.6522401847145078
0.6502842226325031
0.6484007929635366
0.6465851842127506
0.6448349237429623
0.6431476243610212
0.6415181493384688
0.6399441934245105
0.6384233477501388
0.6369536910736306
0.6355318409837203
0.6341579062325524
0.632829846497448
0.631541874850768
0.630296055783938
0.6290892463118312
0.6279191993104829
0.6267856167141809
0.6256864147780117
0.6246200205076919
0.6235843696504063
0.6225829726262103
0.6216080643351803
0.6206604729975604
0.6197396099535839
0.6188447487570283
0.6179735841655185
0.6171282136731009
0.6163056910231498
0.6155034054724362
0.61472422778204
0.613966844621845
0.6132281738105113
0.612508052621214
0.6118061164418236
0.6111225413426421
0.6104546535366147
0.6098033333448148
0.6091683913669883
0.6085484259739059
0.6079436289725728
0.6073525241231459
0.6067752283065383
0.6062112456773411
0.6056608042909377
0.6051220297362226
0.604594703941477
0.6040796298432607
0.6035757292896456
0.6030818127821918
0.60259887297596
0.6021251156546394
0.6016611962236438
0.6012069156410991
0.6007617764964921
0.6003259176969076
0.5998999080709395
0.5994801929302638
0.5990679715002428
0.5986638184468327
0.5982679014342464
0.5978788938777008
0.5974971525218341
0.5971219734508095
0.5967539990389693
0.5963922281122465
0.5960373037212059
0.595687979866457
0.5953443538243233
0.5950072043169343
0.594675324694298
0.5943489812340493
0.594026784390093
0.5937108985100873
0.5934006237479559
0.5930945175446066
0.5927933291760512
0.5924969833130732
0.5922056086408911
0.591917706621343
0.5916346999935813
0.5913554411354219
0.5910809457484296
0.5908101035509841
0.5905434197793228
0.5902796472400832
0.5900199688038821
0.5897639630811725
0.5895112215103602
0.5892623658153264
0.5890160648888323
0.5887741596622069
0.5885353249816964
0.5882993890085585
0.588066635883816
0.5878373285305817
0.5876108901543066
0.5873876506382565
0.5871666968109
0.5869483082532145
0.5867325682796741
0.5865184685429286
0.5863067465724723
0.5860966693433418
0.5858893238190358
0.5856847000303025
0.5854822938812434
0.5852822149382597
0.5850850390848101
0.584889745206455
0.5846970030959986
0.5845065790654961
0.5843179174987861
0.5841316041301975
0.5839471615709962
0.5837652039745669
0.5835843706685097
0.5834061611381127
0.5832296464974636
0.5830548204415447
0.5828820791714684
0.5827113113236203
0.5825430038332101
0.582375686950729
0.5822119841200226
0.582047554482225
0.581885397109865
0.5817265246973422
0.5815677601995508
0.5814107187511162
0.5812552233359771
0.581101189129116
0.5809482651374227
0.5807974507546553
0.5806476339878325
0.580499307588201
0.5803520859808615
0.580207003483012
0.5800628678991323
0.5799206064257385
0.5797798711565157
0.5796414471722267
0.5795017125139947
0.5793648395903874
0.5792295034844324
0.5790951411618551
0.5789617552793742
0.5788301056240833
0.5786989117498326
0.5785688372769519
0.5784403747754546
0.5783124733111291
0.5781863171895939
0.5780615261756964
0.5779376446404584
0.5778148902873577
0.5776934479015585
0.5775730552596624
0.5774535464314476
0.5773348159464129
0.5772173634064685
0.5771015803693471
0.5769864101056008
0.5768721542286788
0.5767589208517125
0.5766477381961401
0.5765368100634587
0.5764264159273682
0.5763164031420851
0.5762072258704267
0.57610014248567
0.5759937098771666
0.57588790990935
0.5757833987167473
0.575679449740746
0.575576768279093
0.5754748710740887
0.5753742048130726
0.5752735365537277
0.5751738617096737
0.5750753770688684
0.5749782375929884
0.5748806136950384
0.5747844792596342
0.5746901026454139
0.5745942943096544
0.5745001292627764
0.5744072039725945
0.5743151882056086
0.5742233812344614
0.5741323791891031
0.5740417965097641
0.5739518908502454
0.5738627748968402
0.5737741868164036
0.573686451917235
0.573599180987236
0.5735125791536799
0.5734268103797586
0.5733413486186529
0.573256795336135
0.573172497553915
0.5730886706327276
0.5730058480216375
0.5729234705604489
0.5728414283116277
0.57275983748306
0.572678763765568
0.57259876973086
0.5725191451268457
0.5724401755740134
0.5723619709617552
0.5722840878227174
0.57220641373135
0.5721293155040447
0.5720524895111747
0.5719768645767098
0.5719010141309013
0.571826298514506
0.5717516625868573
0.5716773096540083
0.5716031754154764
0.5715293183874872
0.5714566031782391
0.57138413914562
0.5713122714201033
0.5712408140865046
0.5711697957679487
0.5710989771341186
0.5710285479796717
0.5709588110679903
0.5708894182918482
0.5708204228632203
0.5707519415706571
0.5706851077990367
0.5706162878406893
0.5705494756454804
0.5704821045793161
0.5704153950509205
0.5703494851700133
0.5702839726383633
0.5702190760755181
0.5701545032217189
0.570089308025659
0.5700243222273667
0.5699607770154863
0.5698973888838159
0.5698347876303629
0.5697723206152998
0.5697104548073224
0.5696491904744955
0.5695881919567592
0.5695280764678307
0.5694682391155788
0.5694091549647117
0.5693497118053343
0.5692913579999049
0.5692326840683302
0.5691746298392
0.5691180207784077
0.5690613563468021
0.5690048206388274
0.568948728004756
0.568893159499134
0.5688378699120493
0.5687826531430631
0.5687280828107776
0.5686745381651189
0.5686205939055499
0.5685680823849711
0.5685143629359837
0.56846124655479
0.5684086644165338
0.5683563252505228
0.5683042815188075
0.5682522073219298
0.5682003289397318
0.568148592522342
0.5680971023970723
0.5680462434923654
0.5679953218432446
0.5679452057508895
0.5678955307547103
0.5678457974193936
0.5677959585847476
0.567746355839835
0.5676968207584718
0.567648580751672
0.5675990933474784
0.5675506397011513
0.5675015643213595
0.5674528520768772
0.5674050101853703
0.5673575822288089
0.5673097716154523
0.5672623504397608
0.5672154462009977
0.5671686997060622
0.5671225186793487
0.5670759337042363
0.5670299312223613
0.5669840957898942
0.5669392807908664
0.5668936292527499
0.5668482700323438
0.5668040475334407
0.5667588063990229
0.5667131160459002
0.5666683460616675
0.5666275806819197
0.5665826061571899
0.5665374061028126
0.5664933830905301
0.5664493657947176
0.5664058172199253
0.5663615920263821
0.5663168421230698
0.5662731408430441
0.5662297160865432
0.5661862762578049
0.5661443176508153
0.5661011276631273
0.5660571284541465
0.5660137199458745
0.5659711407839906
0.5659288338445592
0.5658812143080159
0.5658389692637125
0.565797387291148
0.5657563121757722
0.5657140732203122
0.5656724158247034
0.5656307013944872
0.5655890947934513
0.5655479410783626
0.5655067066864842
0.5654659446969328
0.5654238288108046
0.5653823073472998
0.565340535466244
0.5652991897083687
0.5652578409510041
0.5652171264495942
0.5651760691752515
0.5651369975537385
0.56509602680363
0.5650553462426708
0.5650153350644056
0.5649747243554399
0.5649347280390626
0.5648948889043901
0.5648541270725613
0.5648145126029233
0.5647741378240563
0.5647340616910943
0.5646950352477573
0.5646565762624297
0.5646175284856306
0.5645797305282267
0.5645406184799379
0.564501580316002
0.5644632953070318
0.5644249736223562
0.5643864072208022
0.5643485222002232
0.5643104790287252
0.5642722013630891
0.5642351440796997
0.5641961505574274
0.5641590811283361
0.5641212700601183
0.5641138821713
0.5640758741785853
0.5640384233251176
0.5640002191771384
0.5639626710487297
0.5639260247600993
0.5638893303964616
0.5638534336639076
0.5638188376537341
0.5637822361678398
0.5637455811516274
0.5637088856425319
0.5636726764087749
0.5636365311375864
0.5635994121330846
0.5635634616850572
0.5635275817157607
0.5634918079662908
0.5634564626125748
0.56341688721468
0.5633824777423626
0.5633475330824653
0.5633126369434629
0.5632787316508644
0.563245157115161
0.5632104267385579
0.5631766476048
0.563141944673052
0.5631079205116387
0.5630742660969323
0.5630394303034452
0.5630056061220075
0.5629716856101679
0.5629382238274566
0.5629043997164775
0.5628721755816293
0.5628390287132522
0.5628054777224246
0.5627735169498458
0.562740590038811
0.5627075532923819
0.5626751442899601
0.5626425713829265
0.5626102935723393
0.5625843136328401
0.5625517563127487
0.5625195326917608
0.5624880385388403
0.5624561961359278
0.5624246146457332
0.5623932765899343
0.5623615304976284
0.56232997049469
0.5622982806078044
0.5622664520211246
0.5622357894546324
0.562204665570723
0.5621737556224177
0.5621425507382114
0.562112348940875
0.5620822783992874
0.5620516400349904
0.5620211449359911
0.561990693657206
0.5619603551479309
0.5619300143551552
0.5618999576069105
0.5618702818414263
0.5618400154320528
0.5618098959665978
0.5617805207221088
0.5617502722340878
0.5617210969099163
0.5616918025011978
0.5616623158894163
0.5616331935910527
0.561604159938908
0.5615751911695992
0.561545518295132
0.5615170123627632
0.5614882433989477

Train set accuracy:
Degree 2 - 0.8171237961831762
Test set accuracy:
Degree 2 - 0.816150707207069