Times:

Degree 3 - 
53.39633917808533 52.50921416282654 52.47717809677124 53.06372427940369 53.83405017852783 


Train set losses:

Degree 3
1.2107202587412873
1.0942612111841763
1.0117147764234482
0.9504060861208995
0.9034328623173119
0.8665646253683992
0.8370055365711624
0.8128194072134161
0.7926599337713347
0.7755572896829513
0.7608006218483793
0.7478742114560983
0.7364018420877916
0.726101790095192
0.7167655189958604
0.708235100269571
0.7003924011036735
0.6931483103262652
0.6864281657874594
0.6801791554266945
0.6743558847472922
0.6689222999882677
0.6638493456152462
0.6591067989077566
0.6546704100793037
0.6505209635643707
0.64663729302942
0.643001079871213
0.6395943984067394
0.6364002166491395
0.6334052598379453
0.6305926301662741
0.6279477074638159
0.6254590328115104
0.6231152633859618
0.6209053993002694
0.6188183348613105
0.6168468709142578
0.6149807905640325
0.6132128527551857
0.6115360802471834
0.6099433557489545
0.6084284570930615
0.6069873192875297
0.6056132551995498
0.6043023416207991
0.6030504019563361
0.6018528279316824
0.6007060761837439
0.5996076737823378
0.5985542291061995
0.5975427161530121
0.596571465337264
0.5956383790337233
0.5947401777269125
0.5938764158296346
0.5930437691038495
0.5922409934871246
0.5914657178056087
0.5907168394845881
0.5899924343020299
0.5892914851811759
0.5886127764056566
0.5879541839963702
0.5873160726883696
0.5866962738955809
0.5860941695601036
0.5855091295911002
0.584940166626949
0.5843862824652873
0.5838471433928445
0.583321924734779
0.5828102461408263
0.5823117866475895
0.5818255468097864
0.581351627132151
0.580889049438972
0.5804378079530266
0.5799973656662685
0.5795674263787122
0.579147364238505
0.5787365997382621
0.5783344501881151
0.5779412176191918
0.5775559668762531
0.5771790015314996
0.5768100733789111
0.5764482952038507
0.5760944799823757
0.5757477143423302
0.5754080455819842
0.5750753618777773
0.5747487044342064
0.5744282545730922
0.5741141152709501
0.5738058995280256
0.5735031268796144
0.5732054496099113
0.5729130078714487
0.572625672391322
0.5723434139969743
0.5720658401301671
0.5717930271451486
0.5715247604130413
0.5712611918249044
0.5710021450266554
0.5707472755759563
0.5704965913966304
0.5702499433828204
0.5700079942067668
0.5697701948073052
0.5695362602703034
0.5693064379996995
0.5690805966009655
0.5688588505104566
0.5686408889813281
0.5684267748165002
0.5682164436880027
0.568009760977808
0.5678065940366688
0.5676067089295398
0.567410437353369
0.56721754481093
0.5670281720945743
0.5668420193272297
0.5666587051431613
0.5664788710527862
0.566302101511132
0.5661282492539806
0.565957221678987
0.5657888141415522
0.5656228518377578
0.565459659813827
0.5652987729524646
0.5651402048386742
0.5649841003685394
0.5648303422904208
0.5646786833201494
0.5645294232302721
0.5643823056908365
0.5642373143848143
0.5640940368093765
0.5639529614478541
0.5638136512329499
0.5636763913340023
0.5635410776240244
0.5634077189672272
0.5632762363172945
0.5631465506788536
0.5630184867826558
0.562892188953692
0.562767759700014
0.5626449403465834
0.562523688236056
0.5624041040033146
0.5622857813922842
0.5621692550390696
0.5620541229746665
0.5619401035815657
0.5618275319075574
0.5617162160336296
0.5616062850611641
0.5614978003809783
0.5613905859792011
0.561284341454517
0.561179146303394
0.5610754308002563
0.5609727637547322
0.5608713013514912
0.5607712493197139
0.5606720877469129
0.5605739360729406
0.5604770305591369
0.5603807435051835
0.5602857127021987
0.5601918660293925
0.5600986774464406
0.5600066677999594
0.5599155618981438
0.559825550750715
0.5597365227513981
0.5596483355721629
0.5595610207140885
0.5594746973790242
0.5593890979874916
0.5593045008523397
0.559220440508623
0.559137245467858
0.5590548725203668
0.558973108377488
0.5588923567293836
0.5588125393451995
0.5587332433578348
0.5586548907904756
0.5585772433015356
0.5585003344385141
0.5584238496887604
0.5583480893863215
0.5582729790348537
0.5581987480093813
0.5581251714367204
0.5580517770281626
0.557979518498968
0.5579078754770878
0.5578367207660044
0.5577659280213549
0.5576959681607544
0.5576266766314958
0.5575577726294916
0.5574896715200697
0.5574220636780429
0.5573551158223775
0.5572882907116978
0.5572220265625928
0.5571567465887617
0.5570919860196409
0.5570271306749561
0.5569629451429148
0.5568996316678493
0.5568367334160294
0.5567742560467561
0.5567116559324874
0.5566500622849209
0.5565888697114271
0.5565281620044813
0.5564677537155626
0.5564078927989278
0.5563486888327229
0.5562892892931895
0.5562306462302427
0.5561724070067783
0.5561145909668918
0.5560572419983
0.555999980043148
0.5559434324545623
0.5558872701050083
0.5558313623736997
0.5557756880618138
0.5557205452571864
0.5556658868755161
0.5556117168984411
0.5555574552623093
0.5555037384475375
0.5554508360264765
0.5553978246324883
0.5553455773499243
0.5552931296062854
0.5552413660488723
0.5551900565824137
0.5551387577594483
0.5550879288546533
0.5550375191893885
0.5549874075526472
0.5549375918340569
0.5548879203978501
0.5548385570434502
0.5547897353531441
0.5547413401164305
0.5546927489508472
0.5546448407216056
0.5545972282123252
0.5545501787576889
0.5545033149022756
0.5544563115397583
0.5544095070091578
0.5543636313146629
0.5543178196776366
0.5542718988584172
0.5542264567180181
0.5541816698529309
0.5541365666068493
0.5540920408608392
0.5540479282653328
0.5540039530237901
0.5539598946101293
0.5539157962826575
0.5538728877798542
0.5538296859719627
0.5537866561166032
0.5537437337168871
0.5537016354338369
0.5536591621807159
0.553616724326391
0.5535750577580091
0.5535334171927413
0.5534921614658426
0.5534511007882847
0.5534102476403412
0.5533692307457239
0.5533285373962487
0.5532880240538892
0.5532477656583442
0.5532077554731929
0.5531679293353277
0.5531283050555457
0.5530890226687933
0.5530494330167912
0.5530104658139073
0.5529715452934504
0.5529328190726109
0.5528942790294762
0.5528560167535952
0.5528177536916463
0.5527799357576358
0.5527422287237224
0.5527045730545617
0.5526668376323063
0.5526297018872517
0.5525926611820403
0.5525557705631494
0.5525187928467575
0.5524822951066534
0.5524457158265765
0.5524094827720146
0.552373476656433
0.5523376807772128
0.5523017410654244
0.5522664500098304
0.5522308533082825
0.5521955401751931
0.5521605862562601
0.5521256902936948
0.5520909422209567
0.5520563079817424
0.5520217546602444
0.5519872875121334
0.5519530608204769
0.5519188911933429
0.5518848497956425
0.5518512330111301
0.5518174719183734
0.5517839941017366
0.5517506170045189
0.5517174910757637
0.5516842175424127
0.5516513905884384
0.5516183802340514
0.551585453816394
0.5515530000201218
0.5515205152145853
0.5514882158675706
0.5514558313774133
0.5514237639111782
0.5513916738266235
0.5513601028840851
0.5513281372938398
0.5512967125391143
0.5512650708797927
0.5512337123256915
0.5512025759126693
0.551171612647798
0.5511403081435623
0.5511093394894006
0.5510785867222295
0.5510480342044067
0.5510171625810477
0.5509866796182512
0.5509562295558365
0.550926039306315
0.5508959854962916
0.5508659576537169
0.5508360585637601
0.5508060482462379
0.5507764341194579
0.5507467424486967
0.5507172992383658
0.5506876863045554
0.5506585476577929
0.5506291952249955
0.5506000364519433
0.5505709921469618
0.5505419096930859
0.5505129953469676
0.5504842247629241
0.550455563635712
0.5504269604291516
0.5503982549994804
0.5503699627437719
0.5503415572617563
0.5503133971346374
0.5502852894205086
0.5502572419629658
0.5502293977851784
0.5502014125400169
0.5501735292005667
0.5501458170528912
0.5501184306897157
0.550090849231722
0.5500633447264318
0.5500358329999339
0.5500085676355931
0.5499812618216579
0.5499540655035895
0.5499270066512274
0.5499001408534445
0.5498733652061762
0.5498465196196621
0.5498197847443337
0.5497930601668151
0.5497666592922517
0.5497400350703757
0.549713677041056
0.5496873822650513
0.5496612056068525
0.5496348780130714
0.5496087134972014
0.549582566996218
0.5495566856561368
0.5495308633946895
0.549505017910783
0.5494792256857722
0.5494535240972025
0.5494279940368564
0.5494024530951293
0.5493770242152135
0.5493517831015565
0.5493264293188651
0.5493062191890141
0.549279412266543
0.5492529109395198
0.5492271247086309
0.5492014276990029
0.54917625364503
0.5491512418313171
0.5491262631248659
0.5491016468444714
0.5490770331674775
0.5490524309418525
0.5490279804319492
0.5490034806328679
0.5489792538943932
0.5489550413959393
0.5489306991801313
0.5489066216599443
0.548882347415821
0.5488581591508213
0.5488341920340829
0.5488102350540555
0.5487862742630412
0.5487624190235031
0.5487386570696906
0.5487148529973519
0.5486913170983106
0.5486674527199686
0.5486440486453824
0.5486204934953978
0.548597103793822
0.5485737241002455
0.5485503793115404
0.5485270895487793
0.5485039065856687
0.54848079013135
0.548457850319856
0.5484347988306613
0.5484118770734645
0.5483890824889602
0.5483661580722348
0.5483433259666227
0.5483205500164766
0.5482979492243154
0.5482752006128166
0.5482527735156133
0.5482301559070224
0.5482078134971019
0.5481853057096491
0.5481629986913357
0.5481407553990996
0.5481185737719442
0.5480963225432768
0.5480741337722428
0.5480519484413976
0.5480300690387032
0.5480081189889289
0.5479861137766595
0.5479640293949087
0.5479421454545321
0.5479202306973642
0.5478985851098568
0.5478769874352397
0.5478552500714052
0.5478336201591703
0.5478120349192628
0.5477904586291321
0.5477688090638091
0.547747509876293
0.5477261818274681
0.5477048069344711
0.5476833257264719
0.5476621795206983
0.5476409832871716
0.5476198303041412
0.5475986838189273
0.5475776336839286
0.5475566465755816
0.5475356651959575
0.5475147764182091
0.5474938871252049
0.54747306345563
0.5474523496754794
0.5474316458470243


Test set losses:

Degree 3
1.21082318094289
1.0944536954253585
1.0119915784706262
0.9507676304415575
0.9038778436166371
0.8670920107712853
0.8376116947693039
0.8135008822750993
0.7934144730745052
0.7763815481436278
0.761694144616162
0.7488320703515967
0.7374207318625452
0.72717836961822
0.7178966728970622
0.7094242384529454
0.7016371857835907
0.6944433116994719
0.6877688405705221
0.6815653823288197
0.6757883860763991
0.6704026515002773
0.6653777968705452
0.660680969959404
0.6562931359932427
0.6521910659665491
0.6483533879646742
0.6447568499627908
0.6413891538521912
0.6382323823740201
0.6352761643424236
0.632499561259383
0.6298923739002202
0.6274427590698766
0.6251387079872439
0.6229654496545278
0.620918530741255
0.6189846692356371
0.617158892159029
0.6154311359728649
0.6137938805534255
0.6122387405045326
0.610762603985594
0.6093593910289002
0.608023187111335
0.6067504638031365
0.605531912888068
0.6043653451993978
0.6032494567806084
0.6021819810102528
0.6011597413206733
0.6001747598826794
0.5992303547916166
0.5983257671773771
0.5974551856787004
0.5966171184080125
0.5958066970691933
0.595027565678941
0.5942734031393428
0.5935476555930359
0.5928474878038024
0.5921686732452147
0.5915118412327536
0.5908736865219884
0.5902587088307436
0.5896606604469656
0.5890793686907104
0.5885161453182549
0.5879693420897951
0.5874369896336635
0.5869210846951352
0.5864166800739169
0.5859294934876534
0.5854533034186498
0.5849911306425915
0.5845339872721489
0.5840869293566218
0.5836496112803203
0.5832187638058823
0.5828004474559983
0.5823888855412828
0.5819891292688587
0.5815970946463043
0.5812115898695128
0.5808350448350674
0.5804639034235056
0.580101463661598
0.5797464443022463
0.5794002052167497
0.5790621621238373
0.5787287176015244
0.5784049344025131
0.5780838610911095
0.5777684940583162
0.5774584837053993
0.5771557507736058
0.5768590605710351
0.5765694259558507
0.5762827674260057
0.5760001095273068
0.5757244289870274
0.5754540782792897
0.5751892499817479
0.5749249031509994
0.5746681972034317
0.5744159101522891
0.5741672132713525
0.5739228094274794
0.5736807764166778
0.5734441181929967
0.573212693947043
0.572981973277076
0.5727575544796923
0.5725351265425987
0.5723177025206266
0.5721024749037725
0.5718902622902703
0.5716808337336815
0.5714751834001017
0.5712761639290467
0.5710786124322054
0.5708872171206272
0.5706988516500762
0.5705142979789406
0.5703321849758469
0.5701522819706375
0.5699777895739473
0.569807006402093
0.569639475941222
0.5694766465504001
0.569315919627391
0.5691585073860835
0.5690039711143197
0.5688517784306724
0.5686998517178805
0.5685508097531682
0.568406219848197
0.5682624899120808
0.5681230830524838
0.5679868716130874
0.567852789954695
0.5677169928840976
0.5675855402880451
0.5674544278013766
0.5673257334799906
0.567200126414402
0.5670779605616406
0.5669570678552344
0.56683721191711
0.5667184601795133
0.5666022022134123
0.5664895871450595
0.5663767777586854
0.5662661929751008
0.5661567169711285
0.5660453398267802
0.5659397400696993
0.5658336677460721
0.5657292010782353
0.565627737964801
0.5655261042809429
0.5654259809051123
0.5653273478806295
0.5652304694996446
0.5651348187115329
0.5650388272631132
0.5649466948961936
0.5648551802138497
0.5647634320292021
0.5646749167316065
0.5645864467547681
0.5644999989495234
0.5644149010533644
0.564326369164547
0.564241888424272
0.564159524973044
0.5640757211146507
0.5639941273483349
0.5639120815458982
0.5638338934058834
0.5637560321304175
0.5636772620776661
0.563601730581484
0.563525727919029
0.5634493577881627
0.5633751575122868
0.563299519761485
0.5632265651300788
0.5631548022309257
0.5630821799237486
0.5630102630258947
0.5629388221342561
0.5628680205048229
0.5627977730090652
0.562727678652983
0.5626606648292622
0.5625923236103811
0.5625225343681572
0.5624546304520635
0.5623884839878749
0.5623220889548822
0.5622545443501444
0.5621906434449699
0.562127481160142
0.5620642687137549
0.5620001105148614
0.5619368181081023
0.5618751372240222
0.5618121890556512
0.5617502749703813
0.5616883620655372
0.5616293460277022
0.5615685496766727
0.5615078407174521
0.5614497964769686
0.5613920141363338
0.5613337685039035
0.5612744869603091
0.5612178302095387
0.5611589165279414
0.5611008845390183
0.5610439247420642
0.5609891988907789
0.5609341633099064
0.5608805030277271
0.5608258532499846
0.5607723807808725
0.5607205171790982
0.560665348447287
0.5606098672812483
0.560557360877997
0.5605059580861054
0.5604557911979038
0.5604035007700192
0.560352374782891
0.5603009926364565
0.5602504558991986
0.5602016271393694
0.560152682503297
0.5601034104344482
0.5600554121025028
0.5600056817736434
0.5599565404375278
0.5599104145923396
0.5598615689411051
0.559815904869626
0.5597674306735391
0.5597192193507408
0.5596747667982663
0.5596278643197203
0.5595827664644198
0.5595365844919116
0.5594917236531336
0.5594474883392172
0.5594031398608592
0.5593585392988524
0.5593141888249337
0.55926972644352
0.5592286811377981
0.5591859408130861
0.5591425750812494
0.5591013979714841
0.5590615041733156
0.5590191273685088
0.5589777215878615
0.5589381901128364
0.5588974897522493
0.5588554104795374
0.5588143989855494
0.558776297705992
0.5587352406986748
0.5586971959796906
0.5586580365233301
0.5586204398883747
0.5585819046853231
0.5585409982363058
0.5585053703624343
0.5584682012190234
0.5584276121687025
0.5583906697767553
0.5583527074688192
0.5583168941849883
0.5582784972788961
0.558242421983903
0.5582060577607935
0.55816928714516
0.5581346039241557
0.5580989956716697
0.5580645730356666
0.5580290975488116
0.5579942711931133
0.5579578695715274
0.5579225889064985
0.5578885502340707
0.5578525011063256
0.5578175336011371
0.5577808753105649
0.5577480919518811
0.5577140517480789
0.5576806098200827
0.5576482030125727
0.5576150690469627
0.5575820552344585
0.5575484621493474
0.5575151111262887
0.5574825874239699
0.5574495533763779
0.5574185197776537
0.5573863106504022
0.5573556689521639
0.5573219747665186
0.5572914880151556
0.5572600572807666
0.5572267894212832
0.5571951807233966
0.5571638188237472
0.5571327304536003
0.5571011379943294
0.5570692689195025
0.5570391230004048
0.5570100974787293
0.5569797986574088
0.5569502848690113
0.5569207730637619
0.5568904850847485
0.556861042785904
0.5568325926901133
0.5568024995351343
0.5567727447633593
0.5567433486757425
0.556715009966704
0.5566852840501078
0.5566555597121166
0.5566272354013883
0.5565965854822892
0.5565679847036683
0.556537861752305
0.5565101765052092
0.5564827989772809
0.5564543942331174
0.5564261537273916
0.5563982604051902
0.5563710117734282
0.5563431080629396
0.556317163555381
0.5562882544528099
0.5562608449884169
0.5562318867986379
0.556205750160537
0.5561784090248494
0.5561517649282164
0.5561253082905273
0.5560987705242175
0.5560729686267104
0.5560458058583995
0.5560179880157367
0.555990636829995
0.55596533126051
0.5559402712007301
0.5559162943492255
0.5558897605718853
0.5558642846628047
0.5558381475898337
0.555813147371015
0.5557859582866314
0.555760877646603
0.5557365914126013
0.5557121518535906
0.5556876665407945
0.5556638611993052
0.5556378491896513
0.5556137745566115
0.5555895298227531
0.5555662044085535
0.5555428590225296
0.5555193694710361
0.5554961736836028
0.555473656826276
0.5554505691433784
0.5554287505816343
0.5554070039582202
0.5553839301364585
0.5553616072001148
0.5553396576034534
0.5553180479182077
0.5552955431443898
0.5552749961549882
0.5552524910843546
0.5552303905229355
0.555208653711961
0.5551867489960284
0.555166756350721
0.5551440842782038
0.5551238182372227
0.5551021402047356
0.5550825128049546
0.5550595157081115
0.5550399943912507
0.5550183569078877
0.5549956538574545
0.5549749683904758
0.5549545695579781
0.5549332771212742
0.5549122039597298
0.554890855990187
0.5548713840468095
0.5548529647947149
0.554831626219355
0.5548103215045765
0.5547920800021283
0.5547684946568576
0.5547445239756794
0.5547205394694268
0.5546984278614371
0.5546768777320799
0.5546537826316229
0.554631156911516
0.5546092682106003
0.5545859237121714
0.5545644872940654
0.5545475095613127
0.5545231808449301
0.5544998141131448
0.5544769179768411
0.5544543789965154
0.5544323393239516
0.5544094334211968
0.554387338458052
0.5543638544360036
0.5543427424185656
0.5543207061218836
0.5542988416388752
0.5542765944065323
0.5542557457956354
0.5542335541627683
0.5542112147102083
0.5541902766596017
0.554168439827948
0.5541472007479433
0.554126490816923
0.5541067308758596
0.5540838325860977
0.5540616820124121
0.5540402139509398
0.5540208769334923
0.5539985767715121
0.5539771599645931
0.553954822420917
0.5539350876098117
0.5539148748875459
0.5538933997861042
0.5538728347224324
0.5538531111327217
0.5538313362845012
0.5538101940459779
0.5537903284449341
0.5537709494648622
0.5537513326614422
0.5537308511507945
0.5537107258597784
0.5536903618634652
0.5536710580764134
0.5536519020496167
0.5536324179851635
0.5536123411456955
0.5535906330308435
0.5535723734334629
0.5535525525487267
0.5535347031455143
0.553513484918059
0.5534932846296854
0.5534761876399843
0.5534579707685776
0.553438164251103
0.5534193187340174
0.5534000670329166
0.5533810156380282
0.5533621818859411
0.553343021196875
0.5533238809266063
0.5533047768779423
0.5532873655926034
0.5532685718724305
0.5532504677815773
0.5532318656144122
0.5532139608033668
0.5531950918283323
0.5531770077555738
0.5531593326582495
0.5531407640594501
0.5531223085925813
0.5531049523844388
0.5530866507171518
0.5530692850010688
0.5530520243623464
0.5530341224009214
0.5530160560249231
0.5529980612404483
0.5529800387497571
0.5529628870996763

Train set accuracy:
Degree 3 - 0.8173761648010759
Test set accuracy:
Degree 3 - 0.8169177267350873