Times:

Degree 4 - 
64.25805401802063 62.93690061569214 63.136656045913696 63.99529576301575 64.08076810836792 


Train set losses:

Degree 4
1.1811310352616289
1.0643774333158462
0.9869167740398005
0.9315873807720034
0.890323869424569
0.8585137111701521
0.8332154722706189
0.8124808565477097
0.7950222130281371
0.779944587795055
0.766653724588295
0.7547303926887216
0.7438796323346396
0.733902163255206
0.7246576998764451
0.716046970453774
0.707986763956644
0.7004320669266825
0.6933457282453169
0.6866914323781075
0.6804476430085777
0.6745952061209058
0.6691118358475036
0.6639795405462812
0.6591810355479553
0.6546921850132909
0.6504929722875763
0.6465636469783933
0.6428817517830071
0.6394344436838122
0.6361971804114745
0.6331602889176177
0.6303014734662525
0.6276129024313513
0.6250795259044577
0.6226904250683777
0.6204336336159872
0.6183005929332942
0.6162795478942924
0.6143633146451385
0.6125445533117413
0.6108170171911186
0.6091731007541508
0.6076052019362078
0.6061111452259816
0.6046845221940775
0.6033185387800849
0.6020130236677346
0.6007623856175442
0.5995632205532913
0.5984112201028535
0.5973065035135999
0.5962409722620237
0.5952178472114383
0.594232481723265
0.5932826701848974
0.5923688386653156
0.5914866607093661
0.590636854707561
0.5898158374466769
0.5890225798561504
0.5882549357383667
0.5875111786522123
0.5867916502591035
0.5860958731263375
0.5854225301841197
0.5847714109157289
0.584142380644329
0.5835315272582837
0.5829413032753648
0.5823704604699043
0.5818155009460577
0.5812771523807836
0.5807535988443224
0.5802440911686105
0.5797498290588872
0.5792691409543069
0.5788033042565746
0.5783530763745316
0.577912256015095
0.5774857769861678
0.5770698845996192
0.5766626934709639
0.5762658505186234
0.5758787942920841
0.5755018283774818
0.5751334791864391
0.574774126330229
0.5744198708658966
0.5740774976269832
0.5737383859849365
0.5734097537785423
0.5730893535712944
0.5727724924025833
0.5724669345740458
0.5721651558855049
0.5718693419498843
0.5715847222351538
0.5712984800473386
0.571022354254478
0.5707523316133271
0.5704844631510706
0.5702256660481202
0.5699686116314548
0.5697205363215676
0.5694718812172044
0.5692322680664927
0.5689936860907813
0.5687595056908441
0.5685303448443052
0.5683039741203815
0.568081398085591
0.5678634548807533
0.5676504174940145
0.5674383704475842
0.5672339220947026
0.5670278058142364
0.5668281091721992
0.5666315193985356
0.5664358516782542
0.5662458130313011
0.5660568977257843
0.5658728676429725
0.5656909310887619
0.5655121710458083
0.5653328762974416
0.5651589812071681
0.5649884373534743
0.5648188117094226
0.5646535409924616
0.5644883851471524
0.5643261740345973
0.5641669307438638
0.5640081056458335
0.5638547377106568
0.5637006058487127
0.5635486657385183
0.5634007713487349
0.5632536960056684
0.5631068343595842
0.5629636498906383
0.5628217702605667
0.5626825838093769
0.562542629785622
0.5624060856296446
0.5622706805750421
0.5621380626215906
0.5620053884133761
0.5618740904440593
0.5617452246489538
0.5616172287629082
0.5614929310623352
0.5613672563085285
0.5612442748803627
0.5611215742670215
0.561000987875243
0.5608806582637131
0.5607633117290444
0.5606454686317234
0.5605297274322496
0.5604167043142542
0.5603022910915298
0.5601892566937983
0.5600781094388838
0.5599681362095238
0.5598584614217169
0.5597502592372602
0.5596442968053906
0.5595383401322185
0.5594322388000412
0.5593284170778254
0.5592248893048362
0.5591219805341309
0.5590210891190048
0.5589202108069776
0.5588202061706907
0.5587218591701865
0.558623847324612
0.5585262230912132
0.5584293044745668
0.5583341297610166
0.5582382303104438
0.5581442543404954
0.558050717093608
0.5579579791476277
0.5578660683532494
0.5577746836301516
0.5576838671536304
0.5575936539140646
0.5575040718899539
0.5574162207701987
0.5573273332960071
0.5572398802843097
0.557154186501021
0.5570669959928394
0.5569812774915003
0.5568964048402952
0.5568123786525828
0.5567279443431612
0.5566448865526911
0.5565616426723223
0.5564799709335196
0.556397422600178
0.5563166681971203
0.556236159842093
0.5561558951097008
0.5560767985733657
0.5559971695693793
0.5559186536700267
0.5558418492769261
0.555763744569126
0.5556868966045696
0.5556103184293026
0.5555339265565977
0.5554583853373908
0.5553835853482918
0.5553095097648921
0.555235463744958
0.5551615162967984
0.5550881819314799
0.5550151278100622
0.554942923674238
0.5548708443062007
0.5547995861004918
0.5547282851525503
0.55465751347454
0.5545875848558992
0.5545177652258948
0.5544484794806112
0.554378685645949
0.5543099374206764
0.5542419545271997
0.5541750054222095
0.5541065423847005
0.5540388685406835
0.5539718740540922
0.5539055045770678
0.5538391546439116
0.5537734577037973
0.5537079266988493
0.5536434142372754
0.5535780577055278
0.553513224922815
0.5534493664620401
0.5533854286632891
0.5533227100417298
0.5532594250324219
0.5531965730404602
0.553134638470699
0.5530720500135375
0.553011195567352
0.5529487394260724
0.5528890463100942
0.5528273372570004
0.5527664477890799
0.5527063778716259
0.5526464002253673
0.5525868438777163
0.552527699474585
0.5524686713497541
0.5524102946894417
0.5523513462962889
0.552293777714785
0.5522358688232304
0.5521782265734749
0.5521212372098274
0.5520640848575709
0.5520073033245587
0.551950660465124
0.5518944422024863
0.5518385814672926
0.5517829621403412
0.5517273141815798
0.5516720657576847
0.5516169975619473
0.5515623419542429
0.5515079254477449
0.551453561987092
0.5513996915601169
0.551345554498688
0.5512922762601505
0.551238895997129
0.5511854620641927
0.5511329131545728
0.5510800761906748
0.5510274939861819
0.5509752833810057
0.5509230181136087
0.5508715110272585
0.5508197999949562
0.5507685997743416
0.5507173233292122
0.5506662369427497
0.5506155980468825
0.550565394239068
0.5505146831597353
0.5504646359010104
0.5504152960694453
0.5503653396099403
0.5503158025307138
0.5502661668751287
0.5502172682244209
0.5501682260173133
0.550119720056951
0.5500711302172239
0.5500228758085881
0.5499744276187677
0.5499265337376775
0.5498785740779525
0.5498312320828097
0.5497835053636205
0.5497363186959119
0.5496893123165647
0.5496423619799699
0.5495954961406564
0.5495487231675502
0.549502656438297
0.5494565307366104
0.5494101903855722
0.5493640732641828
0.5493183645561972
0.5492724725937872
0.5492268341675773
0.5491815242286707
0.5491371393867049
0.5490913718142645
0.5490464614327001
0.5490015751078804
0.5489570442797077
0.5489124336504559
0.5488680965971431
0.5488238351850361
0.5487797639908016
0.5487357733375703
0.5486918885901472
0.5486482911817218
0.5486051223224024
0.5485613432007572
0.5485178757854255
0.5484747032979811
0.5484317238482084
0.548388780867767
0.548346152281177
0.5483036078179065
0.5482609943411499
0.5482190898004055
0.5481766535394168
0.5481344324034432
0.5480927899912671
0.5480506573938372
0.5480088891516323
0.5479674803743271
0.5479256006529895
0.5478841906412292
0.5478429312025731
0.547801954112749
0.5477610891502931
0.5477200497389353
0.5476791549626191
0.547638730887182
0.5475980638806544
0.5475573782817693
0.5475174706116925
0.5474773430216283
0.5474372320246019
0.5473971764889392
0.5473570418572974
0.5473173282447782
0.5472776842355624
0.5472380278909023
0.5471985228104306
0.5471595333540148
0.5471201949169096
0.5470809427422416
0.5470421320447277
0.5470031310409812
0.5469645070614737
0.546925848052859
0.5468872122359698
0.5468486761478915
0.5468103043340904
0.5467717867113185
0.5467338606263754
0.5466958589005315
0.5466578407091802
0.5466197458225747
0.5465819851626783
0.5465444216655021
0.5465066611623199
0.5464692566218863
0.5464318951983402
0.5463945093280952
0.5463571841377195
0.5463202529683864
0.5462832633483614
0.5462463447350954
0.5462099538352483
0.5461728399303535
0.5461363970797819
0.5460999048788017
0.5460631660919262
0.5460270235283732
0.5459906407375474
0.545954309369803
0.545918188214306
0.545882251595644
0.5458462154110657
0.545810456729271
0.5457749087636795
0.545739311094002
0.5457035893906286
0.545668369485538
0.5456327729373324
0.5455974581641722
0.5455624137154966
0.5455270365584208
0.5454921112676329
0.5454569732567276
0.5454223759404903
0.5453877264205103
0.5453530746789506
0.5453182114292237
0.5452836894183377
0.5452492815638321
0.5452150225148479
0.5451806670411803
0.5451467467917444
0.5451128144482768
0.545078674344201
0.5450448125949899
0.5450107418463948
0.5449769749141078
0.5449434432844401
0.5449097723449761
0.5448765276183429
0.5448430166198117
0.5448098302512837
0.5447765694258243
0.5447432093650504
0.5447103428842535
0.5446772825488443
0.5446443784649281
0.5446117911257525
0.5445789738000303
0.5445463281284221
0.5445138006299114
0.5444813637997505
0.5444489414274145
0.54441663509752
0.544384540460452
0.5443524411832105
0.5443204738115461
0.5442883725531502
0.5442564269828557
0.5442245550628352
0.5441930845266801
0.5441613978596292
0.5441296884372067
0.544098404159602
0.544066985929957
0.5440356233498733
0.544004537173578
0.5439734318526173
0.5439423851964013
0.5439116070080012
0.5438806727046178
0.5438498433168893
0.5438189714787474
0.5437882379015131
0.5437577168556236
0.5437272827110615
0.5436967650023654
0.5436667290408744
0.5436363833246591
0.5436063024658597
0.543576145753482
0.5435461422362119
0.5435161142809068
0.5434863120509739
0.5434564869795937
0.5434267346949472
0.5433970329590387
0.5433675431634105
0.5433380434813286
0.5433085980857815
0.5432791413659404
0.5432501394563031
0.5432208619383693
0.5431914925510959
0.543162361236722
0.5431334909890037
0.543104503944493
0.5430755954962394
0.543046749566942
0.5430180206807566
0.5429891949666054
0.5429607019662284
0.54293224074624
0.5429036809470636
0.5428754201874909


Test set losses:

Degree 4
1.1813547132051596
1.0647835580218534
0.9874968704689133
0.932329089559096
0.8912051727232668
0.8595328976776095
0.8343553901804871
0.8136881972141168
0.7962931714037552
0.7812910134584902
0.768087780085813
0.756258785826768
0.7454987488453116
0.7356205692364843
0.7264713818003653
0.717961692883755
0.710003826736162
0.7025501539910788
0.6955688182845317
0.6890162673304377
0.6828705028726648
0.6771174621869587
0.6717346153132869
0.6666824666417167
0.6619581015789493
0.6575389237175424
0.6534086159216527
0.6495428727763483
0.6459166758848265
0.6425224994219204
0.639344107151832
0.6363712872573661
0.6335655425519676
0.630929938488008
0.6284425520328943
0.6261021002826127
0.623894513216591
0.6218035878799489
0.6198280315061016
0.617944737442698
0.6161636030883075
0.6144777843066576
0.6128670839783319
0.6113429558105696
0.6098905959658476
0.6085088001000661
0.6071829014005636
0.605923046139125
0.6047227231214011
0.6035742911222864
0.6024591226001192
0.6013857686416895
0.6003592519280814
0.5993565414272636
0.598391067485086
0.5974572254440975
0.5965554047453194
0.5956920302819583
0.5948550865160509
0.594042405125907
0.5932586060590589
0.5925050286887414
0.591766007643398
0.5910528542290099
0.5903612975830623
0.589687134414504
0.5890346633304024
0.5884060802236195
0.5877929603717325
0.5872022636292085
0.5866293911319858
0.586077103573674
0.5855383449861933
0.5850184838121839
0.5845086891653098
0.5840202374271465
0.5835386580330562
0.5830766690231528
0.5826365768645247
0.5822014022317918
0.5817823840461447
0.581374638885322
0.580982829967845
0.5805956257257533
0.5802144690040597
0.5798479773230981
0.579489344423118
0.5791373386684754
0.5787843511383344
0.5784385787878532
0.5781037117280227
0.5777757746298608
0.5774611808084766
0.5771519846586741
0.5768534714680456
0.5765607060045311
0.5762696814428789
0.5759901019841994
0.5757131023590218
0.575447359060489
0.5751850983956279
0.5749243307227472
0.5746816254249523
0.5744310862289124
0.5741937442070452
0.573955203595063
0.5737264937381346
0.5735003692847349
0.5732734268947717
0.5730548808143576
0.5728375229869636
0.5726291577578504
0.5724186443170576
0.5722184765260201
0.5720164472446614
0.5718235521352477
0.5716287648713425
0.5714415637273039
0.5712547011043688
0.5710664106037828
0.5708897611617254
0.570710589035919
0.5705404361399069
0.5703656074584819
0.5702004118284831
0.5700313152849399
0.5698681439066202
0.5697096200332703
0.5695490454621075
0.5693957327046952
0.5692432237303943
0.5690889423835893
0.5689413378403556
0.568792042116538
0.5686487187664182
0.568508345922601
0.5683668118685856
0.5682344638937601
0.5680893448974086
0.5679511963796184
0.567818407397936
0.5676848539970424
0.56755334927429
0.5674208407565877
0.5672951393628619
0.5671623637475623
0.5670420155729794
0.5669126201594855
0.5667911064675965
0.566670256637043
0.5665491399724585
0.5664341924570315
0.5663154603068247
0.5661992373035165
0.566082662364037
0.5659695266057103
0.5658583260884413
0.5657470793923556
0.5656364504723084
0.5655285508723848
0.5654248943212643
0.5653194195519639
0.5652079296511648
0.5651049428509867
0.5650041855800387
0.5648985981322482
0.564797412409358
0.5647011030849745
0.5646005491449194
0.5645002419868514
0.564406169348218
0.564307561957329
0.564213676353329
0.5641196279516142
0.5640247717156495
0.5639358311233172
0.5638513114001494
0.5637598195070381
0.5636720322379007
0.5635830882072919
0.5634977384270737
0.5634060920049974
0.5633221773233501
0.5632347006432554
0.5631526742664468
0.5630693395437637
0.5629873264534385
0.5629074353513953
0.5628237201707745
0.5627434826666057
0.5626697920841653
0.562586489286679
0.5625089228575891
0.5624302944494797
0.5623514818881699
0.5622778846922358
0.562202235896218
0.5621289223162115
0.562056219270108
0.5619816007032437
0.5619069167596559
0.561839991921799
0.5617672718987329
0.5616942535886211
0.5616281666179113
0.5615600933662257
0.5614903975923656
0.5614248482756921
0.5613600610836269
0.5612951868202133
0.5612296622980016
0.5611706218089225
0.5611043078830763
0.5610396218444694
0.560980127504635
0.560918649899931
0.5608533731713377
0.5607959170593646
0.5607342178156052
0.5606760359556262
0.560615040177672
0.5605552148436138
0.5604945229308417
0.560437892634165
0.5603826449988447
0.5603276245357007
0.5602681682987447
0.560210266721978
0.5601584958221124
0.5601058167756723
0.5600489829575215
0.5599916336511102
0.5599343913961495
0.5598833965977865
0.559833868876987
0.5597810885449297
0.5597296905891661
0.5596803296464318
0.5596283132184459
0.5595768404633032
0.5595248449607723
0.5594724458738574
0.5594225179605699
0.5593689257255192
0.5593213383273312
0.5592699736493716
0.5592205746006674
0.5591672080933726
0.5591200834882705
0.559070019041944
0.5590213579385053
0.5589704716664498
0.5589151278625627
0.5588637295336266
0.5588144696058075
0.5587662893586426
0.5587166041771234
0.5586698828220522
0.5586227012596915
0.5585739358980863
0.55852151127191
0.5584701092408177
0.5584237671912625
0.5583725469482314
0.5583233215584569
0.5582772995787032
0.5582295761862193
0.5581832568037661
0.5581365351621321
0.5580890580827444
0.5580451177503916
0.5579964827066077
0.5579473794675321
0.5578979738260671
0.5578490550511311
0.5578040261402052
0.5577583278958611
0.5577090578165098
0.5576615075335608
0.5576161799393761
0.5575677877674629
0.5575231516560261
0.5574770599133875
0.5574263464370225
0.5573808070017302
0.5573406637872375
0.5572917786836943
0.5572458065032084
0.5572012593432852
0.5571531519772865
0.5571108879023821
0.5570664499075384
0.5570222350904231
0.5569775936896877
0.556933358478877
0.5568895273110613
0.5568467238416768
0.5568021950604429
0.5567581394852997
0.5567133224367234
0.5566689856353019
0.5566298952518818
0.5565884645477459
0.5565445009566611
0.5565033032305843
0.55645989442121
0.5564149659109392
0.5563720590806065
0.5563314246754383
0.556288223963376
0.5562477049575724
0.5562092018878119
0.5561727536489498
0.5561320324483835
0.5560885902212636
0.5560463195941817
0.5560053892868628
0.5559658745414973
0.5559191858638372
0.5558805568654515
0.55583978415502
0.5557942551467614
0.5557522088122755
0.5557092034066924
0.5556652886172209
0.5556233415888
0.5555857822926068
0.5555432637703526
0.5555005193977197
0.5554590175172421
0.5554202430749886
0.5553796344943828
0.5553385191054266
0.5552975121525814
0.5552577253942166
0.555215547025845
0.5551761329668443
0.5551345651863934
0.5550932228491627
0.5550545300491733
0.5550134910072615
0.5549743656654208
0.5549355254043778
0.5548953922814331
0.5548578981850824
0.554814996330649
0.5547774210467605
0.5547395518132792
0.5547039055554757
0.5546619128780814
0.5546233468161826
0.5545838894354954
0.5545446898495772
0.5545044579682479
0.5544673026229117
0.5544278247642304
0.554390116735451
0.5543502190016296
0.5543158392893424
0.5542796729341821
0.554242993025108
0.5542047391598696
0.5541722232563968
0.5541315393938288
0.5540920563866714
0.5540545277521586
0.5540177654605047
0.5539804730148333
0.5539411765505189
0.553903853117566
0.5538662090460296
0.5538290764725584
0.5537921653350748
0.5537558898440033
0.5537151518330719
0.5536783523486106
0.5536425408026077
0.5536059673280016
0.5535675823058883
0.5535304779893973
0.5534961610424998
0.5534583638848949
0.5534199545024246
0.553384184672262
0.5533457754003586
0.5533078696553633
0.5532718716636962
0.5532375653701271
0.5532001524706068
0.5531637991158685
0.5531291074258187
0.5530912488494903
0.5530543770223402
0.5530199648626761
0.552987235964751
0.5529502662996022
0.552913629912325
0.5528790638724999
0.5528422822119905
0.5528099537735907
0.5527729976906086
0.5527373006068552
0.552700216271913
0.5526633308943045
0.5526306242314145
0.5525965244549983
0.5525589571399137
0.552525797885069
0.5524893606791945
0.5524516634485286
0.5524166333072499
0.552384847141467
0.5523512598347725
0.552317361312156
0.5522846529978628
0.5522488183922626
0.552217045817019
0.5521799088754215
0.5521470904612059
0.552112399742424
0.5520776784085623
0.5520454337267139
0.5520103479369282
0.5519781601316451
0.5519441825190603
0.5519044889077402
0.5518674164417253
0.5518341035707799
0.5518002560669193
0.5517674115210773
0.5517339860245472
0.5517009455231051
0.5516657704806918
0.5516352768343215
0.5516054346431403
0.5515732815483857
0.5515418811763925
0.5515069242780276
0.5514718474947224
0.5514390372786059
0.5514058135861246
0.5513719071026754
0.5513416030087974
0.5513065853369598
0.5512757077316033
0.55124231658723
0.5512056070735352
0.5511736832438494
0.5511435154826769
0.5511139832396594
0.5510788377025134
0.5510414930942582
0.551008829046079
0.5509769989210161
0.5509416810593585
0.5509144127059559
0.5508801247178647
0.5508442585460743
0.5508140262862586
0.5507844307983478
0.5507543262198942
0.5507187263281998
0.5506839506397899
0.5506543549553378
0.5506218116969537
0.5505872225909185
0.550555775751147
0.5505227974784115
0.5504912373336074
0.5504628291831611
0.5504300587708968
0.5503960190074373
0.5503648314650886
0.5503310556949528
0.550300064158646
0.5502725443127667
0.5502415500054589
0.5502086557313713
0.5501727990382375
0.550144412757709
0.5501127230416296
0.5500813262041959
0.5500477007250139
0.5500151435403691
0.5499862876708581
0.549955546221874
0.5499213423438128
0.5498911491174276
0.5498644867188491
0.5498328737065752
0.5498029569900214
0.5497736321982651
0.5497410305956494
0.5497113909322339
0.5496813313696816
0.5496511330142264
0.549619525337655
0.5495912062572869
0.5495585395557941
0.5495307213889136

Train set accuracy:
Degree 4 - 0.8173902274416995
Test set accuracy:
Degree 4 - 0.8168389796179468