Times:

Degree 2 - 
18.92570686340332 18.930286407470703 19.140320301055908 19.285709619522095 19.29108238220215 


Train set losses:

Degree 2
1.249321487509834
1.1415770754399797
1.0564446153995335
0.9886877751155936
0.9342982215242532
0.8902241997882433
0.8541582022785649
0.8243518619984072
0.7994788958283126
0.7785071229001223
0.7606470672646856
0.7452970203500638
0.7319812914086108
0.7203242918326558
0.7100449442456949
0.7009063766752198
0.6927279870861913
0.6853604529921604
0.6786895287403405
0.6726185202926296
0.6670704811082381
0.6619776799389026
0.6572886823188797
0.6529586230841014
0.6489490277124892
0.6452280438729381
0.6417668730557942
0.6385405084557046
0.6355287967380996
0.6327127113232551
0.6300749024167225
0.6276022035925501
0.6252807888625828
0.6230971774674732
0.6210401295984012
0.619100339265923
0.6172683194629889
0.6155373181984704
0.6138981444439339
0.6123455607356888
0.6108725843210832
0.609473665628085
0.6081429207925898
0.6068760686910973
0.6056683316349654
0.6045158032668227
0.6034146076854449
0.6023615041848137
0.6013528699063332
0.6003862025611385
0.5994588368752243
0.5985683406331648
0.5977121803420756
0.5968882623223746
0.5960950510247136
0.5953303250825936
0.594591200857662
0.5938782170823138
0.5931892420657012
0.5925231572847324
0.5918785289740143
0.5912543838373371
0.5906496400952713
0.5900629653128534
0.589493669471136
0.5889411573059731
0.5884043195949097
0.5878825307984256
0.5873749428407946
0.5868811286574659
0.586400286029401
0.585931732713389
0.5854751296398818
0.5850300511922145
0.584595710570843
0.584171914289859
0.5837579986008953
0.583353628090163
0.5829587521701962
0.5825726493009388
0.5821949576626773
0.5818258281699019
0.5814644648971516
0.5811110108303087
0.5807647153122334
0.5804252582354947
0.5800925633922144
0.5797664515437435
0.5794467900757285
0.579133289218398
0.5788259250511689
0.5785242081599206
0.5782280908934957
0.5779374067608007
0.5776520488735823
0.5773719410565341
0.5770968369771151
0.5768265097710701
0.576560975431453
0.5762999501105537
0.5760435270744009
0.5757912878703417
0.5755433330302646
0.5752996184196799
0.5750597889331825
0.5748239689881223
0.5745919669302018
0.5743636453104497
0.5741388235241871
0.573917456307768
0.5736994746184967
0.5734846879146518
0.5732731645509894
0.5730647822298471
0.572859428447168
0.5726569693374015
0.572457350558497
0.5722604922335345
0.5720663174126768
0.5718749184593996
0.5716859610577675
0.5714995744191986
0.5713156766320635
0.571134183128191
0.5709549983831012
0.5707780666445434
0.5706034372875022
0.570431053340495
0.5702607326116614
0.5700925197774591
0.5699264066909571
0.5697623203410164
0.5696001609920393
0.5694400135037058
0.5692815221343954
0.5691249416112805
0.5689702580515819
0.5688172008557926
0.5686660039011635
0.5685164055681937
0.5683684628790688
0.5682221715548842
0.5680775074952095
0.5679344070658582
0.5677928990666918
0.5676529266393576
0.5675144890373072
0.5673774873028166
0.5672422471931855
0.567108185866775
0.5669755510897722
0.5668443200184902
0.5667144216813911
0.5665858726286895
0.5664587104108272
0.5663327483850038
0.5662080834647965
0.566084562184829
0.5659622382816571
0.5658411553441844
0.5657213001931493
0.5656025609376945
0.5654848611334902
0.565368428248603
0.5652529369127831
0.5651384952736846
0.5650251663214193
0.5649127784327697
0.5648012987727358
0.5646909299378453
0.5645816064618241
0.5644732091818916
0.5643657599714328
0.5642592641816653
0.5641536233065807
0.5640489960313456
0.5639451608865924
0.563842359327954
0.5637403632298353
0.563639258563669
0.5635389377854267
0.5634394673939969
0.5633408554419816
0.5632429802312451
0.5631459137638923
0.5630496600117831
0.5629541521702558
0.56285937015108
0.5627653790740211
0.5626720846642683
0.5625794803464631
0.562487586412344
0.5623963495011871
0.5623056420840058
0.5622158140378946
0.5621265644482077
0.5620379527786354
0.561950036126099
0.5618627826802663
0.5617761072060782


Test set losses:

Degree 2
1.249363115443868
1.1416508765632685
1.0565493374923665
0.988823705122309
0.9344649452093989
0.8904218646873924
0.8543873399313504
0.8246121004286785
0.7997698219939667
0.7788287404367503
0.7609999870932374
0.745680346280458
0.7323949602127457
0.7207685984098126
0.7105193578253883
0.7014109613400453
0.6932623314544637
0.6859244876390819
0.6792823377409414
0.6732396614790079
0.6677197765300689
0.6626543405313642
0.657993082527175
0.6536902219412154
0.649707907578638
0.646012748147883
0.6425773648590148
0.6393762514226867
0.636389520405081
0.6335983899986644
0.6309850174201304
0.628536233573424
0.6262384823293374
0.6240774461583547
0.6220405780725299
0.6201185057010233
0.6183038665487727
0.6165897972825687
0.6149664331872591
0.6134299071544693
0.6119722714068938
0.6105893726646996
0.6092738995120547
0.6080223888437785
0.6068296268156963
0.6056925977359289
0.6046066490279333
0.6035673063196633
0.602573514102195
0.6016207086581167
0.6007074511343323
0.5998308164730012
0.5989889229851867
0.5981785486061514
0.5973994250231429
0.5966481339892719
0.595930327257968
0.5952309571315845
0.5945556012199098
0.5939025587108718
0.5932713263958173
0.5926607104996997
0.5920697709101856
0.5914958578990165
0.5909398228642425
0.590400533726698
0.5898767595985419
0.5893682975074396
0.5888737252031648
0.5883924722918112
0.58792419697917
0.5874685581481319
0.5870239821956245
0.586590748389924
0.5861682526113443
0.5857565227055332
0.5853534074265992
0.5849607189294334
0.584576826265976
0.5842015531800536
0.5838356357587067
0.5834779713867673
0.5831286105693003
0.582786751733819
0.5824514386097095
0.5821232402628116
0.5818014500171419
0.581485819704581
0.581177490918692
0.5808749926997503
0.5805780134437343
0.5802868018119642
0.580000458679517
0.5797199071000447
0.5794443072424942
0.5791733718214993
0.5789083391849907
0.5786468582517618
0.5783904820015893
0.578138962385385
0.577891326558551
0.5776466091264629
0.5774066957551162
0.5771702949477412
0.5769380009173161
0.5767095002527272
0.5764841855176481
0.5762621359196658
0.5760448677658034
0.5758300460133704
0.5756191078599591
0.5754109493034711
0.5752058963608272
0.5750041245504087
0.5748049446500405
0.5746087598591927
0.5744156158487845
0.5742246595303233
0.5740364345230204
0.5738508653287088
0.573667155845577
0.5734872908682325
0.5733094045243037
0.5731341209269403
0.5729608923695254
0.572789583356135
0.5726210331593833
0.5724544534009198
0.5722895917348465
0.5721271827158343
0.5719666447981682
0.5718073570543615
0.5716509995704738
0.5714971753304361
0.5713447837367245
0.571194421239607
0.571046919177607
0.5708993934564468
0.5707541682878985
0.5706109408799869
0.5704694777983268
0.5703294651317343
0.570191579567012
0.5700554140375884
0.5699206730916883
0.5697875397138242
0.5696565397023896
0.5695271639495486
0.5693973344999899
0.5692715653837286
0.5691464487386291
0.5690226887033821
0.5689009487482785
0.5687801660242886
0.5686608521681443
0.5685422530353673
0.5684255789333849
0.5683097861864865
0.5681958403189125
0.5680826002458113
0.5679707814506868
0.567860231400687
0.5677509879696838
0.567642619731874
0.5675354965120121
0.5674295078046964
0.5673243683546236
0.5672202980970074
0.567116834397215
0.5670144462793645
0.5669132246435189
0.5668122556476254
0.5667127249922326
0.5666143708493118
0.566517207972407
0.566420642575334
0.5663256711628085
0.5662317604536916
0.5661379834976831
0.5660449526282065
0.5659533019694359
0.5658628679511368
0.565772305348774
0.5656825745594712
0.5655941741494557
0.5655068913883723
0.5654203116512531
0.5653339911954384
0.565248035472322
0.5651632920036013
0.5650789787934665
0.5649952293549697
0.5649124506661181
0.5648302689022643
0.5647487245205719
0.564667119684256
0.5645868230936566
0.56450721560212
0.5644279067920733
0.5643489722601798

Train set accuracy:
Degree 2 - 0.816737728478785
Test set accuracy:
Degree 2 - 0.8163552318677526