Times:

Degree 1 - 
23.44767165184021 21.16380214691162 9.268989324569702 8.628278255462646 8.797369003295898 

Degree 2 - 
10.287043571472168 9.572588205337524 10.289456844329834 10.65523648262024 10.130406141281128 

Degree 3 - 
10.157190322875977 10.782884120941162 10.67318081855774 11.162707805633545 11.098111391067505 


Train set losses:

Degree 1
1.2956640354927018
1.2152362678527115
1.1443794225324133
1.0823246530933823
1.028233151231494
0.9812354680792306
0.94050076390556
0.9052263245840285
0.874683190373983
0.8482257280373402
0.8252805519492531
0.8053500109475582
0.7879987560563416
0.7728620075660123
0.7596284902448092
0.748019092761373
0.7378142979449732
0.7288135108411592
0.720856708429477
0.7138000893816527
0.7075280588855569
0.7019335179926001
0.6969331527053833
0.6924505784678556
0.6884204724648731
0.6847890628867495
0.681507613188324
0.6785367703418358
0.6758387296204892
0.673383010050334
0.6711425959442974
0.6690948098840293
0.6672179317818052
0.6654934142366927
0.6639063882257799
0.6624430687740002
0.6610902732875321
0.659838443929688
0.6586763849746489
0.6575961137436476
0.6565902449233489
0.6556512830496304
0.654773818554438
0.6539518060923316
0.6531807969884423
0.6524568081610052
0.6517755888068869
0.6511337465134707
0.650527518850269
0.6499548523086485
0.6494126900937565
0.6488989800013216
0.6484111436619346
0.6479476577727432
0.6475069176680754
0.6470869965166164
0.6466866072209381
0.6463043557435922
0.6459389007552997
0.6455894102485168
0.6452546410502915
0.6449338035354119
0.6446260834813964
0.6443305853628721
0.6440465329921271
0.6437734837880422
0.6435105320026663
0.6432573847050407
0.6430132917837202
0.6427777815250214
0.6425503860672518
0.6423309146191007
0.6421186881675488
0.6419135191031249
0.6417149736190272
0.6415228991435368
0.6413368432189885
0.6411565601218736
0.6409818651366048
0.640812215350009
0.6406477675229192
0.6404880942629514
0.6403329951714569
0.6401823369087392
0.6400359288285256
0.6398935887728594
0.6397553446052845
0.6396206360765486
0.6394896747423442
0.6393620589854392
0.6392378415881943
0.6391168235106034
0.6389989142262529
0.6388840546668806
0.6387720919745489
0.6386629050367288
0.6385564285964822
0.6384525808434842
0.6383512486965419
0.6382523866810443

Degree 2
1.275133426535628
1.1813023356174073
1.1028069492891528
1.0374427584394692
0.9831328412217581
0.937979832006387
0.9003456270869992
0.8688613027384161
0.8424073445165305
0.8200438233028302
0.8010467989868715
0.7848105321297105
0.7708482548873865
0.7587706189216374
0.7482594888909372
0.7390555921479458
0.7309562409179627
0.7237895797964159
0.7174153858863491
0.7117185113928333
0.706606803691422
0.7019981605671777
0.6978285720091337
0.6940435782187931
0.6905955592669142
0.6874431701010288
0.6845554837609255
0.6819022644292687
0.6794589303182008
0.6772036876645376
0.6751178565246988
0.6731857419921337
0.6713929376882575
0.6697249580441866
0.6681721415455524
0.6667226250546898
0.6653684074260703
0.6641019691222504
0.6629151998078685
0.6618028158661261
0.6607570064283943
0.6597735352046629
0.6588468558147
0.6579732145369288
0.6571484462496325
0.6563691868116024
0.6556314527852647
0.6549324204087636
0.6542695031162197
0.6536402348925654
0.653041792827211
0.6524722977172566
0.6519299434480652
0.6514123814940121
0.6509186254657642
0.6504467359885396
0.6499958589827112
0.6495641924133434
0.6491507162785386
0.6487542293774962
0.6483737203227039
0.6480083669389911
0.6476573342941148
0.6473195502589679
0.6469944988259815
0.6466815034045472
0.6463799365033289
0.6460891472921697
0.6458084530220849
0.6455376212737474
0.6452757461602874
0.645022719971748
0.6447781315580237
0.6445414298372112
0.6443122356626286
0.6440901878402187
0.6438750486709586
0.6436665315980786
0.6434643625587926
0.6432682609443752
0.6430778887784726
0.642893046293249
0.6427133867382718
0.6425389059899305
0.6423692356069122
0.6422043222279987
0.6420438692205865
0.6418877910276481
0.6417358528773163
0.6415879777290266
0.6414439880152449
0.6413037481801296
0.6411671833171629
0.6410340430125335
0.6409042124863367
0.6407776384322272
0.6406542839014671
0.6405338941193314
0.6404165116528443
0.640301930313165

Degree 3
1.2574246999730079
1.1556196940150525
1.0753401434452106
1.0116596057188907
0.9606972742625756
0.9194893199245684
0.8858470101158398
0.8580854805820748
0.8349483077489189
0.8154664424429686
0.7988924790979712
0.7846617201345398
0.7723280301037081
0.7615477646065629
0.7520434738403029
0.7436084396369624
0.7360664485060587
0.7292855187254976
0.7231557074408406
0.7175901851917839
0.7125176080649464
0.7078786196616278
0.7036229814147661
0.699710840929108
0.6961067467486118
0.6927812094177789
0.6897080338587055
0.686865783423319
0.6842313762142348
0.6817898310235427
0.6795224394947106
0.6774148972481104
0.6754545724329915
0.6736286081365677
0.6719265701728826
0.67033807088386
0.6688536764548126
0.6674647873447999
0.6661641439725496
0.6649451826450384
0.663800991515247
0.6627250826979909
0.6617131950484313
0.6607594465083299
0.6598592840538864
0.6590097848186445
0.6582061704189881
0.6574453287076938
0.6567243120223882
0.6560400582882456
0.6553898670463425
0.6547715415368802
0.6541827422309432
0.6536215260691438
0.6530859767987963
0.6525743931759734
0.6520853008927446
0.6516172392481953
0.6511687800901728
0.6507391247558958
0.6503265790163075
0.6499303597722926
0.649549674478536
0.6491832262815025
0.648830429155647
0.6484907120997403
0.6481631832214879
0.6478473323458438
0.6475422752367226
0.6472475972366702
0.6469625852943072
0.6466870660107299
0.6464205787549993
0.6461623548644271
0.645912065515916
0.6456697466018424
0.645434473380936
0.645206337428042
0.6449847011455627
0.6447696182611786
0.6445604920997372
0.6443573409267602
0.6441597721890424
0.6439677053680597
0.6437807351139383
0.6435987455917614
0.643421649743585
0.6432489794581308
0.6430808168793278
0.6429167675773206
0.6427569009399716
0.6426009759222883
0.6424488678103297
0.6423004309016586
0.6421554747524196
0.6420140609212537
0.6418758776828392
0.641740899027351
0.6416091403791183
0.6414801704764301


Test set losses:

Degree 1
1.2956649413472836
1.215237935231934
1.1443817732970936
1.0823276083860847
1.0282367689458263
0.9812395847611215
0.9405053935248524
0.9052314002650015
0.8746886597268031
0.8482315809457391
0.82528679263431
0.8053565951251105
0.7880057781360714
0.7728694178484161
0.7596361320699844
0.7480270849514248
0.737822690915531
0.7288222265122635
0.7208657471848279
0.7138093759920034
0.7075376543908671
0.7019434712385525
0.6969433422964935
0.6924611043100727
0.6884312423448723
0.6848000662944476
0.6815188451816666
0.6785482151294973
0.675850422352558
0.6733949201150106
0.6711547389081784
0.6691070891345293
0.6672303723170587
0.665506081593073
0.6639192691102146
0.6624561185510622
0.6611035678526129
0.6598520025950044
0.6586901581403977
0.6576100415971109
0.6566043114159179
0.6556654923662298
0.6547881686585851
0.6539663052682079
0.6531954504307469
0.6524715561345011
0.651790361422257
0.651148660836364
0.6505425624618953
0.6499700018349348
0.6494279763710292
0.6489143673046305
0.6484265278414795
0.6479631063911262
0.6475223987953156
0.6471025508996379
0.6467021782698761
0.6463200257454571
0.6459546661892837
0.6456052079038614
0.6452705346220949
0.6449497049405913
0.6446420358627406
0.644346580589238
0.6440625938092959
0.6437895594729952
0.6435266754001578
0.643273482202894
0.6430294444052616
0.642793965099544
0.6425666520885824
0.6423472462815214
0.6421350859058409
0.6419299613403352
0.6417313801336462
0.6415393815656169
0.6413533825939501
0.6411731375919376
0.6409984410385112
0.6408286888837993
0.6406642657748028
0.6405045951381505
0.6403495133331019
0.6401988769934742
0.640052513509285
0.6399101841099495
0.63977194789132
0.6396371727694602
0.6395062809393386
0.6393787575105081
0.6392545499281066
0.6391336068407545
0.6390156793444529
0.638900867855811
0.6387889344882678
0.6386798160371351
0.6385733211403571
0.6384694771202755
0.6383681091708627
0.6382693327010994

Degree 2
1.275135289261395
1.1813057415696004
1.1028117310557888
1.037448661403063
0.9831398751161851
0.9379878653944989
0.9003543924806173
0.8688709157531989
0.8424179386798546
0.8200552451122523
0.801059111428069
0.7848237068430495
0.7708619624710908
0.7587849777410082
0.7482745190367698
0.7390713319858453
0.7309724924157794
0.7238064796737324
0.7174328512230199
0.7117365117157097
0.7066251720767963
0.7020169139226999
0.6978476243266868
0.6940629618377208
0.6906152201229864
0.6874630077260921
0.6845755327825677
0.6819225733511101
0.6794793841672849
0.6772242016260888
0.675138366571795
0.6732063665470982
0.6714135653247016
0.6697456915212304
0.6681927934930348
0.6667433694760959
0.6653891106418615
0.6641226388671065
0.6629357738125864
0.661823441102525
0.660777441196609
0.6597941163046179
0.6588674939315347
0.6579936133921624
0.6571688151794173
0.6563896423206452
0.655651900982438
0.6549526607102567
0.6542897044693404
0.6536603967431802
0.6530618110912488
0.6524923043200103
0.6519499972441728
0.6514321881643459
0.6509383531174543
0.6504666197642078
0.6500157250007506
0.6495840273606859
0.6491707516236727
0.6487743450893018
0.648393696660737
0.6480284156335854
0.6476774163862953
0.6473395629979194
0.6470144119496517
0.6467013821389099
0.6463997383129988
0.6461088880597015
0.6458282986711017
0.645557471592998
0.6452956580522875
0.6450427352945896
0.644798120291956
0.6445613471985141
0.6443320821212419
0.6441099577167595
0.6438949530705461
0.6436866594945502
0.6434843773806137
0.6432883503229899
0.6430981738236297
0.6429134290398519
0.6427338927068327
0.6425592192785328
0.6423895716151319
0.6422247649098504
0.6420643646050833
0.6419081666549262
0.6417561504014835
0.6416082633731326
0.6414644073786121
0.6413241684095625
0.6411876293944087
0.6410545487180156
0.6409246860001838
0.6407980232162755
0.640674999199017
0.6405545569007293
0.6404372118077623
0.6403227388598729

Degree 3
1.2574274411411963
1.155624644652391
1.0753469706615342
1.0116679288614132
0.9607070020617376
0.919500659932449
0.8858599721798461
0.8581003268054681
0.8349644206296702
0.8154839511933174
0.798911614657747
0.7846820211425249
0.7723494071453648
0.7615700780705495
0.7520663764616913
0.7436320385429387
0.7360908450790682
0.7293104173622672
0.723181208597036
0.7176162399711874
0.7125438846672646
0.7079051112811772
0.7036496922415422
0.6997377303184467
0.6961336912279091
0.692808323804214
0.6897349259273285
0.6868925061855288
0.684257720724242
0.6818159491732604
0.6795479581536019
0.6774404876156835
0.675479761087028
0.6736536252073273
0.6719513779817524
0.6703626548549562
0.6688779282432791
0.6674890213687898
0.6661882752878796
0.6649689835812248
0.663824287611637
0.6627481252133067
0.6617360857108366
0.6607821435649639
0.6598820279951645
0.6590325102695654
0.6582288498616691
0.6574679454637474
0.656746533467675
0.6560622141205664
0.6554119244553432
0.6547936496693206
0.6542050135878672
0.6536439837052661
0.6531081497514748
0.6525968396748743
0.6521077206224702
0.6516394174970794
0.6511908149064531
0.650761178589846
0.6503484381574905
0.649952163224347
0.6495716644089855
0.6492049987772821
0.6488521833094119
0.6485124907456203
0.6481851002484718
0.6478692561658657
0.6475642354803479
0.6472692677520346
0.6469842627754592
0.6467088151951923
0.6464420669440963
0.646183660139095
0.6459338110500636
0.6456913844982589
0.6454561453731559
0.6452282561699796
0.6450068331750224
0.6447920420148995
0.6445828112348639
0.6443796217964144
0.644182073780631
0.6439901524774884
0.6438032586277027
0.6436210377317811
0.6434439266812045
0.6432711730205536
0.6431032828291929
0.6429396405038953
0.642779955457101
0.6426242789469063
0.6424722834415622
0.6423239558798683
0.642178923071065
0.6420374903670372
0.641899338919335
0.6417644261575991
0.6416327838762468
0.6415036051287801
