Times:

Degree 1 - 
12.54275894165039 13.530804634094238 16.602375268936157 16.925140142440796 20.02341079711914 


Train set losses:

Degree 1
1.2913805759224692
1.2073995782525526
1.1336010869930266
1.0690919319731298
1.012931542436559
0.9641829463993721
0.9219279449930978
0.8853345205072145
0.8536244640595727
0.826117266693703
0.8022210986666833
0.7814108152259294
0.7632457111275017
0.7473461597294655
0.7333870960927629
0.7210948262205147
0.7102352392918141
0.7006141693986847
0.6920593773144574
0.6844316163763726
0.6776066357879718
0.6714814053516049
0.6659676812073357
0.6609898568219765
0.6564828111039509
0.6523908316089967
0.6486638384109429
0.6452620697135705
0.6421487240086373
0.639291271606524
0.6366628140017728
0.6342388338392082
0.6319985863342713
0.6299233008193358
0.6279967978232898
0.626204822944815
0.6245347418694396
0.6229742069721429
0.6215146124100916
0.620145956553889
0.618860076940464
0.6176508768100261
0.6165106215312651
0.6154347568775819
0.6144178535004495
0.6134556620402314
0.6125413139466535
0.6116737347309046
0.6108485792324426
0.6100631430057265
0.6093148405599808
0.6085975783331004
0.6079111472898905
0.6072547400642712
0.6066261830899544
0.6060239900646711
0.6054460839749154
0.6048915503833173
0.6043585945364913
0.6038460308285113
0.6033527984586187
0.6028778404567653
0.6024189357047421
0.6019758199263876
0.6015483762001791
0.60113553535693
0.6007364015464922
0.600350713404424
0.5999773264005628
0.5996158449150641
0.5992655285733841
0.5989261901488327
0.598597116544273
0.5982779031086174
0.5979681710536813
0.5976660075626301
0.5973713950667353
0.5970851935137788
0.5968068604280583
0.5965360512722288
0.5962727710542444
0.5960168891709221
0.5957676629834532
0.5955248064341766
0.5952884015431834
0.595058037873536
0.5948336505407937
0.5946149007535333
0.5944017432539523
0.5941937509387736
0.5939909512925632
0.5937930093148046
0.5935997865877847
0.5934113419223829
0.593227338537895
0.593047696899083
0.5928721579784842
0.5927006667442679
0.5925331167586874
0.5923694381519305


Test set losses:

Degree 1
1.291388954520707
1.2074151837522333
1.133623426456779
1.069121026495104
1.0129674628463172
0.9642256483450945
0.921977584386633
0.885391151310761
0.8536882275826898
0.826188210981087
0.8022994342627792
0.7814965919974248
0.7633389410451479
0.747447082710037
0.7334957465754199
0.7212113685842532
0.7103596891891545
0.7007464159270752
0.6921995345054556
0.6845796854419033
0.6777625781264893
0.6716452211853178
0.6661393302916697
0.6611693893635902
0.656670065358175
0.65258593724096
0.6488665645245495
0.6454725168393652
0.6423667604456057
0.6395170266599546
0.6368961590974174
0.6344798778807721
0.6322471322015538
0.6301792271298449
0.6282602154043697
0.6264755510120817
0.6248127470896725
0.6232596324981079
0.6218071843818074
0.6204456600815578
0.619166919580007
0.6179647639828934
0.6168315456335118
0.6157592902772157
0.6147417836621736
0.6137788175925758
0.6128657089963253
0.6119993057670664
0.6111754194230781
0.6103912544526098
0.6096442298173591
0.6089315809192909
0.608251015058048
0.6076003822290059
0.6069776151425943
0.6063811604618439
0.605808953560441
0.605260078970802
0.6047326375895259
0.604225681167016
0.6037380182918348
0.6032685675032246
0.6028160529764671
0.6023795833412403
0.6019587134628903
0.6015523646544321
0.6011565077281131
0.6007730121186725
0.6004018681238238
0.6000424893736154
0.5996942447537601
0.5993570642711805
0.5990301792544324
0.5987132723788336
0.598405713684073
0.5981073181661616
0.5978175570485813
0.5975361268250954
0.5972626060235087
0.5969965848610367
0.5967380081105123
0.5964867823290356
0.5962422628387203
0.5960040552183947
0.5957722763900857
0.5955466052469437
0.5953267095780028
0.5951124058550007
0.5949037022858933
0.5947002080492991
0.59450195520405
0.5943084377179274
0.5941196373193839
0.593935546833374
0.5937558924798026
0.5935806279432856
0.5934093633324259
0.5932420603281393
0.5930788259681682
0.5929194394987412

Train set accuracy:
Degree 1 - 0.8130983589850013
Test set accuracy:
Degree 1 - 0.8131039908662558