Times:

Degree 1 - 
38.87359690666199 38.2777795791626 33.97199082374573 40.54856610298157 29.54677391052246 


Train set losses:

Degree 1
1.2910686736062789
1.2068412574010483
1.1328484536608705
1.068199854880164
1.0119399938402025
0.9631156777729867
0.920801438711081
0.8841615171782007
0.8524208984376884
0.8248888109708314
0.800965170860656
0.7801364886810795
0.7619533358835071
0.7460384161934863
0.7320597924189165
0.7197509016148496
0.7088740283671207
0.6992331017010619
0.6906577361426929
0.683009384442113
0.6761644053478445
0.6700222280327196
0.6644907876374878
0.6594943143662171
0.6549679265092534
0.6508578572681344
0.6471146897356148
0.6436954013144303
0.6405648791209189
0.6376904320604205
0.6350446811964973
0.6326047886440238
0.6303481722345716
0.62825743698313
0.6263157375252979
0.6245087209464819
0.6228229143343651
0.6212479372724594
0.6197730486283977
0.6183896786317804
0.6170897356829537
0.6158661900251381
0.6147133674597813
0.6136243516392327
0.6125943864777271
0.6116188995172775
0.6106918629979328
0.6098112715758461
0.6089738643056664
0.6081764338928382
0.6074163991646877
0.6066878740893394
0.6059897215671646
0.6053220539611534
0.6046824686822928
0.6040692412658439
0.6034804713180423
0.6029158683836691
0.6023722944617224
0.6018493071605785
0.6013458982380774
0.6008597429937389
0.6003908597494989
0.599938121722038
0.5995009057788746
0.599078735770532
0.598670317659884
0.5982751246619958
0.5978926845538857
0.5975221094674843
0.5971631485492804
0.5968152036265346
0.5964776690051765
0.5961499954247811
0.5958301380704704
0.5955184846257875
0.5952157695064786
0.5949214132102927
0.5946352051681687
0.5943569880407683
0.5940860281116734
0.5938222267704271
0.5935654383717711
0.5933154288386568
0.5930716158937839
0.5928341401656424
0.5926029673532464
0.5923777650238173
0.5921578910563091
0.5919432465638189
0.5917336980182718
0.591529333965181
0.5913298075205763
0.5911350161827869
0.5909447347780686
0.5907590745759886
0.5905774256798996
0.590399934739424
0.5902266679681187
0.5900571840082423
0.5898914260939048
0.5897294428972483
0.5895709377811057
0.5894158980473275
0.5892643858309714
0.5891160416418556
0.5889708251067854
0.5888286449904865
0.5886895680642954
0.5885533972126954
0.5884200786303205
0.5882895680927076
0.5881616376860803
0.5880363599324567
0.5879136600592189
0.5877934051321944
0.5876756569475173
0.5875603159893478
0.5874471920805331
0.5873362825216785
0.5872278202373542
0.5871212687446963
0.5870168438844248
0.5869144397932482
0.5868139200801247
0.586715386743702
0.5866186471332423
0.5865237805338018
0.5864306484793841
0.5863390279007452
0.5862489709277898
0.5861606287871609
0.5860739512831722
0.5859885819986822
0.5859047273248791
0.5858223096689272
0.5857413820575887
0.5856616444370155
0.5855833262457407
0.5855063115183129
0.5854307258050028
0.5853563798699264
0.5852833280019272
0.585211594898077
0.5851410690541854
0.5850715325243473
0.5850031528850411
0.5849358853347828
0.5848698424347561
0.5848048813617288
0.584740967372413
0.5846780975286722
0.5846162942267072
0.5845553686184186
0.5844955469152097
0.5844366904088713
0.5843787548792763
0.5843217705991784
0.5842657411095189
0.5842105195816042
0.5841561277468689
0.5841026099403033
0.5840498722797581
0.5839980123801134
0.5839469671531147
0.5838966825390489
0.5838471615067531
0.5837983572863297
0.5837503380610455
0.5837030571094165
0.5836564439307056
0.5836104957518081
0.5835652694653218
0.5835207298765512
0.5834767567807269
0.5834335454566242
0.5833908133152981
0.5833487264895731
0.5833072569316586
0.5832663343852664
0.5832259286236212
0.5831860589095978
0.5831468713051536
0.5831082166831738
0.583070026121082
0.5830323090394297
0.5829951929029922
0.5829585054835789
0.5829223916671131
0.5828867913119858
0.5828515732457509
0.5828168359095293
0.5827825700294413
0.5827487348201781
0.5827153839147738
0.5826824660049593
0.5826500038032363
0.5826178043281971
0.5825859872547637
0.5825545300552262


Test set losses:

Degree 1
1.2910788481929967
1.206860359065032
1.1328759470676164
1.0682356401218236
1.0119839287190007
0.96316795561604
0.9208619986426084
0.8842304291068441
0.852498289205583
0.8249748646525461
0.8010598669665494
0.7802399313862247
0.7620655507081177
0.7461595982911176
0.7321899678336479
0.7198900757604374
0.7090222366672484
0.6993904589453389
0.6908242375623501
0.68318489185925
0.6763488132123576
0.6702156390710018
0.6646929764651042
0.6597052743402391
0.6551877770443275
0.6510865069543641
0.6473521378237236
0.6439415979470817
0.6408197934705346
0.637953997160902
0.6353167827831125
0.63288494070708
0.6306367153762735
0.6285544828752372
0.6266210610567893
0.6248223377899598
0.6231447427527871
0.6215779223151214
0.6201111346683537
0.6187357661257511
0.6174439280077848
0.6162282634489878
0.615083333910709
0.6139991611938724
0.6129694521582142
0.6119944478548904
0.6110694034395661
0.6101909272990556
0.6093555532414916
0.6085602208073818
0.6078021519995591
0.6070787817428731
0.6063872260175239
0.6057261888946099
0.6050931732140478
0.6044864488544578
0.6039042408084667
0.6033463274327993
0.6028091136518221
0.6022923795188326
0.6017951957765661
0.6013160141747995
0.6008546229022312
0.6004091776411129
0.5999793035986926
0.5995611000525515
0.5991554407404316
0.5987630027731022
0.5983834050920518
0.5980156318666707
0.5976594299011623
0.5973143209122688
0.5969794090082079
0.5966544962918755
0.5963393735555205
0.5960331965247413
0.5957359424244338
0.59544699062054
0.5951662085292998
0.5948932599500525
0.5946275912808069
0.5943689876111253
0.5941174804439495
0.5938725918398565
0.5936339471269303
0.593401547252054
0.5931754866893393
0.592955500377878
0.592740666161332
0.5925310509033027
0.5923266585527397
0.5921272551544886
0.5919325828136547
0.5917428131447009
0.5915573727410222
0.5913766496738859
0.5911998935037592
0.5910272740272281
0.5908588020759472
0.5906940741963594
0.5905331194289298
0.5903754979497657
0.5902216359711684
0.5900711378657562
0.5899242056977061
0.5897805479548666
0.5896400084107162
0.5895023456067318
0.5893676860611954
0.5892359636645035
0.5891071087282265
0.5889810344273404
0.5888573812020721
0.5887364983751862
0.5886182021350089
0.5885023966855497
0.5883878606141806
0.5882750865896013
0.5881646422751585
0.5880553539581508
0.5879472894016563
0.5878411650769767
0.5877372036459763
0.5876352353957689
0.5875351042112205
0.5874372089101387
0.5873409106195273
0.5872466304559014
0.5871538725138932
0.5870630895739568
0.5869738998675705
0.5868864537488678
0.5868007389665321
0.5867165490070978
0.5866338069187889
0.5865525189143754
0.5864728680042867
0.5863947088181363
0.5863178033911784
0.5862422918972079
0.5861682489378859
0.5860953733230423
0.5860238738597474
0.5859534670960118
0.5858844560266105
0.5858166851018078
0.5857502042121088
0.5856846517315237
0.5856204041580078
0.5855571128989333
0.5854948894883074
0.5854337377511347
0.5853737375606511
0.5853144033648031
0.5852563689279922
0.5851992399004953
0.5851431052554841
0.5850878409811776
0.5850335012796373
0.5849799805484699
0.5849272974923567
0.5848754452793677
0.5848244035688956
0.5847742569141369
0.5847249368095558
0.5846761494282876
0.5846283765440362
0.5845812565298883
0.5845350343172538
0.5844895386785062
0.5844446576728691
0.584400377979483
0.5843568292986421
0.584313860599124
0.5842715621746357
0.5842300146028848
0.584188887678921
0.5841483448221961
0.5841085763223731
0.5840692139426119
0.5840304912700889
0.5839923484804331
0.5839548449537982
0.5839178425102768
0.5838812433781573
0.5838451592521213
0.5838097041901008
0.5837746345113007
0.5837401648449951
0.5837063116748313
0.5836727775485258
0.5836397380639978
0.5836070271187694
0.5835748345858207
0.5835430681848559
0.5835118446108917
0.5834812947388033
0.5834507737403477
0.5834205118569236
0.583390717865514

Train set accuracy:
Degree 1 - 0.81390835704705
Test set accuracy:
Degree 1 - 0.8138689920620241